Year,State,District,Total_Male,Male_Below_12_years,Male_12_years_&_Above_Below_16_years,Male_16_years_&_Above_Below_18_years,Male_Children,Male_18_years_&_Above,Total_Female,Female_Below_12_years,Female_12_years_&_Above_Below_16_years,Female_16_years_&_Above_Below_18_years,Female_Children,Female_18_years_&_Above,Total_Transgender,Transgender_Below_12_years,Transgender_12_years_&_Above_Below_16_years,Transgender_16_years_&_Above_Below_18_years,Transgender_Children,Transgender_18_years_&_Above,Grand_Total,Total_Below_12_years,Total_12_years_&_Above_Below_14_years,Total_14_years_&_Above_Below_18_years,Total_Children,Total_18_years_&_Above
2020-21, Andhra Pradesh,Anantapur,291,3,21,19,43,248,1224,4,111,331,446,778,0,0,0,0,0,0,1515,7,132,350,489,1026
2020-21, Andhra Pradesh,Chittoor,167,28,7,10,45,122,727,18,67,180,265,462,0,0,0,0,0,0,894,46,74,190,310,584
2020-21, Andhra Pradesh,Cuddapah,209,22,10,19,51,158,573,23,64,117,204,369,10,5,0,0,5,5,792,50,74,136,260,532
2020-21, Andhra Pradesh,East Godavari,353,11,11,7,29,324,693,18,32,141,191,502,0,0,0,0,0,0,1046,29,43,148,220,826
2020-21, Andhra Pradesh,Guntur,280,44,20,18,82,198,667,42,48,116,206,461,0,0,0,0,0,0,947,86,68,134,288,659
2020-21, Andhra Pradesh,Guntur Urban,203,3,7,7,17,186,440,1,69,68,138,302,0,0,0,0,0,0,643,4,76,75,155,488
2020-21, Andhra Pradesh,Krishna,204,30,1,0,31,173,346,28,2,2,32,314,0,0,0,0,0,0,550,58,3,2,63,487
2020-21, Andhra Pradesh,Kurnool,299,54,23,16,93,206,865,38,62,161,261,604,0,0,0,0,0,0,1164,92,85,177,354,810
2020-21, Andhra Pradesh,Nellore,187,26,8,16,50,137,529,21,52,104,177,352,0,0,0,0,0,0,716,47,60,120,227,489
2020-21, Andhra Pradesh,Prakasham,191,32,14,7,53,138,575,37,77,84,198,377,0,0,0,0,0,0,766,69,91,91,251,515
2020-21, Andhra Pradesh,Rajahmundry,157,14,4,5,23,134,271,14,30,28,72,199,0,0,0,0,0,0,428,28,34,33,95,333
2020-21, Andhra Pradesh,Srikakulam,81,4,5,7,16,65,288,13,5,67,85,203,0,0,0,0,0,0,369,17,10,74,101,268
2020-21, Andhra Pradesh,Tirupathi Urban,108,17,10,2,29,79,358,13,33,101,147,211,0,0,0,0,0,0,466,30,43,103,176,290
2020-21, Andhra Pradesh,Vijayawada City,292,19,4,12,35,257,527,19,28,81,128,399,0,0,0,0,0,0,819,38,32,93,163,656
2020-21, Andhra Pradesh,Visakha Rural,124,7,4,7,18,106,216,7,9,35,51,165,0,0,0,0,0,0,340,14,13,42,69,271
2020-21, Andhra Pradesh,Visakhapatnam,454,20,29,21,70,384,791,17,44,94,155,636,0,0,0,0,0,0,1245,37,73,115,225,1020
2020-21, Andhra Pradesh,Vizianagaram,140,4,13,5,22,118,253,8,7,23,38,215,0,0,0,0,0,0,393,12,20,28,60,333
2020-21, Andhra Pradesh,West Godavari,313,1,16,9,26,287,730,5,80,102,187,543,0,0,0,0,0,0,1043,6,96,111,213,830
2020-21, Andhra Pradesh,Total Districts ,4065,340,207,187,734,3331,10085,326,820,1835,2981,7104,10,5,0,0,5,5,14160,671,1027,2022,3720,10440
2020-21,Arunachal Pradesh,Anjaw,0,0,0,0,0,0,0,0,0,0,0,0,0,0,0,0,0,0,0,0,0,0,0,0
2020-21,Arunachal Pradesh,Changlang,0,0,0,0,0,0,0,0,0,0,0,0,0,0,0,0,0,0,0,0,0,0,0,0
2020-21,Arunachal Pradesh,Crime Branch,0,0,0,0,0,0,0,0,0,0,0,0,0,0,0,0,0,0,0,0,0,0,0,0
2020-21,Arunachal Pradesh,Dibang Valley,0,0,0,0,0,0,0,0,0,0,0,0,0,0,0,0,0,0,0,0,0,0,0,0
2020-21,Arunachal Pradesh,Kameng East,0,0,0,0,0,0,0,0,0,0,0,0,0,0,0,0,0,0,0,0,0,0,0,0
2020-21,Arunachal Pradesh,Kameng West,1,0,1,0,1,0,2,0,1,0,1,1,0,0,0,0,0,0,3,0,2,0,2,1
2020-21,Arunachal Pradesh,Kurung Kumey,1,0,1,0,1,0,0,0,0,0,0,0,0,0,0,0,0,0,1,0,1,0,1,0
2020-21,Arunachal Pradesh,Lohit,0,0,0,0,0,0,0,0,0,0,0,0,0,0,0,0,0,0,0,0,0,0,0,0
2020-21,Arunachal Pradesh,Longding,0,0,0,0,0,0,0,0,0,0,0,0,0,0,0,0,0,0,0,0,0,0,0,0
2020-21,Arunachal Pradesh,Lower Dibang Valley,0,0,0,0,0,0,0,0,0,0,0,0,0,0,0,0,0,0,0,0,0,0,0,0
2020-21,Arunachal Pradesh,Papum Pare City,0,0,0,0,0,0,0,0,0,0,0,0,0,0,0,0,0,0,0,0,0,0,0,0
2020-21,Arunachal Pradesh,Papum Pare Rural,0,0,0,0,0,0,0,0,0,0,0,0,0,0,0,0,0,0,0,0,0,0,0,0
2020-21,Arunachal Pradesh,Siang East,0,0,0,0,0,0,0,0,0,0,0,0,0,0,0,0,0,0,0,0,0,0,0,0
2020-21,Arunachal Pradesh,Siang Upper,0,0,0,0,0,0,0,0,0,0,0,0,0,0,0,0,0,0,0,0,0,0,0,0
2020-21,Arunachal Pradesh,Siang West,0,0,0,0,0,0,0,0,0,0,0,0,0,0,0,0,0,0,0,0,0,0,0,0
2020-21,Arunachal Pradesh,Subansiri Lower,18,0,7,4,11,7,0,0,0,0,0,0,0,0,0,0,0,0,18,0,7,4,11,7
2020-21,Arunachal Pradesh,Subansiri Upper,30,0,0,30,30,0,0,0,0,0,0,0,0,0,0,0,0,0,30,0,0,30,30,0
2020-21,Arunachal Pradesh,Tawang,0,0,0,0,0,0,0,0,0,0,0,0,0,0,0,0,0,0,0,0,0,0,0,0
2020-21,Arunachal Pradesh,Tirap,0,0,0,0,0,0,0,0,0,0,0,0,0,0,0,0,0,0,0,0,0,0,0,0
2020-21,Arunachal Pradesh,Namsai,0,0,0,0,0,0,0,0,0,0,0,0,0,0,0,0,0,0,0,0,0,0,0,0
2020-21,Arunachal Pradesh,Siang,0,0,0,0,0,0,0,0,0,0,0,0,0,0,0,0,0,0,0,0,0,0,0,0
2020-21,Arunachal Pradesh,Kamle,0,0,0,0,0,0,0,0,0,0,0,0,0,0,0,0,0,0,0,0,0,0,0,0
2020-21,Arunachal Pradesh,Kra Dadi,0,0,0,0,0,0,0,0,0,0,0,0,0,0,0,0,0,0,0,0,0,0,0,0
2020-21,Arunachal Pradesh,Lower Siang,0,0,0,0,0,0,0,0,0,0,0,0,0,0,0,0,0,0,0,0,0,0,0,0
2020-21,Arunachal Pradesh,Leparada,0,0,0,0,0,0,0,0,0,0,0,0,0,0,0,0,0,0,0,0,0,0,0,0
2020-21,Arunachal Pradesh,Shiyomi,0,0,0,0,0,0,0,0,0,0,0,0,0,0,0,0,0,0,0,0,0,0,0,0
2020-21,Arunachal Pradesh,Pakkessang,0,0,0,0,0,0,0,0,0,0,0,0,0,0,0,0,0,0,0,0,0,0,0,0
2020-21,Arunachal Pradesh,Total Districts ,50,0,9,34,43,7,2,0,1,0,1,1,0,0,0,0,0,0,52,0,10,34,44,8
2020-21,Assam,BIEO,0,0,0,0,0,0,0,0,0,0,0,0,0,0,0,0,0,0,0,0,0,0,0,0
2020-21,Assam,Barpeta,73,0,0,0,0,73,19,0,0,0,0,19,0,0,0,0,0,0,92,0,0,0,0,92
2020-21,Assam,Baksa,42,9,2,0,11,31,177,2,5,9,16,161,0,0,0,0,0,0,219,11,7,9,27,192
2020-21,Assam,Bongaigaon,37,4,1,7,12,25,200,1,4,30,35,165,0,0,0,0,0,0,237,5,5,37,47,190
2020-21,Assam,CID,0,0,0,0,0,0,0,0,0,0,0,0,0,0,0,0,0,0,0,0,0,0,0,0
2020-21,Assam,Cachar,114,2,2,12,16,98,325,6,10,7,23,302,0,0,0,0,0,0,439,8,12,19,39,400
2020-21,Assam,Chirang,0,0,0,0,0,0,0,0,0,0,0,0,0,0,0,0,0,0,0,0,0,0,0,0
2020-21,Assam,Darrang,40,0,0,0,0,40,159,0,0,3,3,156,0,0,0,0,0,0,199,0,0,3,3,196
2020-21,Assam,Dhemaji,29,2,2,0,4,25,63,3,3,7,13,50,0,0,0,0,0,0,92,5,5,7,17,75
2020-21,Assam,Dhubri,66,0,4,11,15,51,193,0,11,66,77,116,0,0,0,0,0,0,259,0,15,77,92,167
2020-21,Assam,Dibrugarh,15,0,6,0,6,9,28,0,6,8,14,14,0,0,0,0,0,0,43,0,12,8,20,23
2020-21,Assam,GRP,0,0,0,0,0,0,0,0,0,0,0,0,0,0,0,0,0,0,0,0,0,0,0,0
2020-21,Assam,Goalpara,0,0,0,0,0,0,0,0,0,0,0,0,0,0,0,0,0,0,0,0,0,0,0,0
2020-21,Assam,Golaghat,19,0,13,0,13,6,257,0,30,227,257,0,0,0,0,0,0,0,276,0,43,227,270,6
2020-21,Assam,Guwahati City,500,4,17,50,71,429,650,2,13,70,85,565,0,0,0,0,0,0,1150,6,30,120,156,994
2020-21,Assam,Hailakandi,93,38,0,32,70,23,68,1,14,32,47,21,0,0,0,0,0,0,161,39,14,64,117,44
2020-21,Assam,Hamren,3,0,0,0,0,3,14,0,0,0,0,14,0,0,0,0,0,0,17,0,0,0,0,17
2020-21,Assam,Jorhat,13,1,5,6,12,1,28,0,6,22,28,0,0,0,0,0,0,0,41,1,11,28,40,1
2020-21,Assam,Kamrup,105,1,0,10,11,94,296,0,13,26,39,257,0,0,0,0,0,0,401,1,13,36,50,351
2020-21,Assam,Karbi Anglong,0,0,0,0,0,0,0,0,0,0,0,0,0,0,0,0,0,0,0,0,0,0,0,0
2020-21,Assam,Karimganj,0,0,0,0,0,0,0,0,0,0,0,0,0,0,0,0,0,0,0,0,0,0,0,0
2020-21,Assam,Kokrajhar,40,0,0,3,3,37,68,0,0,3,3,65,0,0,0,0,0,0,108,0,0,6,6,102
2020-21,Assam,Lakhimpur,56,0,1,1,2,54,113,2,3,3,8,105,0,0,0,0,0,0,169,2,4,4,10,159
2020-21,Assam,Morigaon,0,0,0,0,0,0,0,0,0,0,0,0,0,0,0,0,0,0,0,0,0,0,0,0
2020-21,Assam,Dima Hasao,0,0,0,0,0,0,0,0,0,0,0,0,0,0,0,0,0,0,0,0,0,0,0,0
2020-21,Assam,Nagaon,0,0,0,0,0,0,0,0,0,0,0,0,0,0,0,0,0,0,0,0,0,0,0,0
2020-21,Assam,Nalbari,0,0,0,0,0,0,0,0,0,0,0,0,0,0,0,0,0,0,0,0,0,0,0,0
2020-21,Assam,RPO,0,0,0,0,0,0,0,0,0,0,0,0,0,0,0,0,0,0,0,0,0,0,0,0
2020-21,Assam,SOU,0,0,0,0,0,0,0,0,0,0,0,0,0,0,0,0,0,0,0,0,0,0,0,0
2020-21,Assam,STF,0,0,0,0,0,0,0,0,0,0,0,0,0,0,0,0,0,0,0,0,0,0,0,0
2020-21,Assam,Sibsagar,10,5,2,0,7,3,122,3,11,30,44,78,0,0,0,0,0,0,132,8,13,30,51,81
2020-21,Assam,Sonitpur,0,0,0,0,0,0,0,0,0,0,0,0,0,0,0,0,0,0,0,0,0,0,0,0
2020-21,Assam,Tinsukia,113,0,8,9,17,96,77,0,52,25,77,0,0,0,0,0,0,0,190,0,60,34,94,96
2020-21,Assam,Udalguri,46,2,0,0,2,44,127,0,2,0,2,125,0,0,0,0,0,0,173,2,2,0,4,169
2020-21,Assam,Sadia,0,0,0,0,0,0,0,0,0,0,0,0,0,0,0,0,0,0,0,0,0,0,0,0
2020-21,Assam,Majuli,0,0,0,0,0,0,0,0,0,0,0,0,0,0,0,0,0,0,0,0,0,0,0,0
2020-21,Assam,Biswanath,7,0,0,7,7,0,28,0,0,28,28,0,0,0,0,0,0,0,35,0,0,35,35,0
2020-21,Assam,Hojai,43,0,0,24,24,19,88,0,0,24,24,64,0,0,0,0,0,0,131,0,0,48,48,83
2020-21,Assam,South Salmara,1,0,0,1,1,0,3,0,0,0,0,3,0,0,0,0,0,0,4,0,0,1,1,3
2020-21,Assam,Charaideo,31,1,4,0,5,26,75,0,20,9,29,46,0,0,0,0,0,0,106,1,24,9,34,72
2020-21,Assam,Total Districts ,1496,69,67,173,309,1187,3178,20,203,629,852,2326,0,0,0,0,0,0,4674,89,270,802,1161,3513
2020-21,Bihar,Araria,0,0,0,0,0,0,0,0,0,0,0,0,0,0,0,0,0,0,0,0,0,0,0,0
2020-21,Bihar,Arwal,4,0,0,0,0,4,25,4,0,10,14,11,0,0,0,0,0,0,29,4,0,10,14,15
2020-21,Bihar,Aurangabad,33,0,11,0,11,22,13,1,0,5,6,7,0,0,0,0,0,0,46,1,11,5,17,29
2020-21,Bihar,Bagaha,2,0,0,1,1,1,2,1,0,1,2,0,0,0,0,0,0,0,4,1,0,2,3,1
2020-21,Bihar,Banka,3,0,0,0,0,3,126,5,54,44,103,23,0,0,0,0,0,0,129,5,54,44,103,26
2020-21,Bihar,Begusarai,7,0,0,0,0,7,156,0,0,26,26,130,0,0,0,0,0,0,163,0,0,26,26,137
2020-21,Bihar,Bettiah,34,9,0,3,12,22,314,32,0,74,106,208,0,0,0,0,0,0,348,41,0,77,118,230
2020-21,Bihar,Kaimur(Bhabhua),18,3,4,4,11,7,70,7,21,29,57,13,0,0,0,0,0,0,88,10,25,33,68,20
2020-21,Bihar,Bhagalpur,0,0,0,0,0,0,0,0,0,0,0,0,0,0,0,0,0,0,0,0,0,0,0,0
2020-21,Bihar,Bhojpur,44,2,9,20,31,13,99,1,18,56,75,24,0,0,0,0,0,0,143,3,27,76,106,37
2020-21,Bihar,Buxar,7,0,3,2,5,2,5,0,1,2,3,2,0,0,0,0,0,0,12,0,4,4,8,4
2020-21,Bihar,Darbhanga,40,4,7,12,23,17,224,17,120,0,137,87,0,0,0,0,0,0,264,21,127,12,160,104
2020-21,Bihar,Gaya,29,6,2,5,13,16,17,2,1,5,8,9,0,0,0,0,0,0,46,8,3,10,21,25
2020-21,Bihar,Gopalganj,31,4,12,2,18,13,254,0,37,151,188,66,0,0,0,0,0,0,285,4,49,153,206,79
2020-21,Bihar,Jamalpur Railway,0,0,0,0,0,0,0,0,0,0,0,0,0,0,0,0,0,0,0,0,0,0,0,0
2020-21,Bihar,Jamui,15,0,1,4,5,10,48,0,6,16,22,26,0,0,0,0,0,0,63,0,7,20,27,36
2020-21,Bihar,Jehanabad,22,0,7,7,14,8,68,5,25,13,43,25,0,0,0,0,0,0,90,5,32,20,57,33
2020-21,Bihar,Katihar,28,0,0,0,0,28,153,0,4,15,19,134,0,0,0,0,0,0,181,0,4,15,19,162
2020-21,Bihar,Katihar Railway,3,2,0,0,2,1,3,2,0,0,2,1,0,0,0,0,0,0,6,4,0,0,4,2
2020-21,Bihar,Khagaria,19,0,0,0,0,19,162,0,0,91,91,71,0,0,0,0,0,0,181,0,0,91,91,90
2020-21,Bihar,Kishanganj,0,0,0,0,0,0,0,0,0,0,0,0,0,0,0,0,0,0,0,0,0,0,0,0
2020-21,Bihar,Lakhisarai,13,0,4,3,7,6,68,0,12,35,47,21,0,0,0,0,0,0,81,0,16,38,54,27
2020-21,Bihar,Madhepura,12,1,0,2,3,9,137,9,26,42,77,60,0,0,0,0,0,0,149,10,26,44,80,69
2020-21,Bihar,Madhubani,12,1,3,4,8,4,157,5,8,91,104,53,0,0,0,0,0,0,169,6,11,95,112,57
2020-21,Bihar,Motihari,41,10,2,12,24,17,308,38,4,171,213,95,0,0,0,0,0,0,349,48,6,183,237,112
2020-21,Bihar,Munger,33,0,6,14,20,13,35,1,3,15,19,16,0,0,0,0,0,0,68,1,9,29,39,29
2020-21,Bihar,Muzaffarpur,101,0,11,19,30,71,668,0,33,306,339,329,0,0,0,0,0,0,769,0,44,325,369,400
2020-21,Bihar,Muzaffarpur Railway,3,2,0,0,2,1,3,1,0,0,1,2,0,0,0,0,0,0,6,3,0,0,3,3
2020-21,Bihar,Nalanda,99,16,21,3,40,59,380,2,42,197,241,139,0,0,0,0,0,0,479,18,63,200,281,198
2020-21,Bihar,Naugachia,19,11,5,3,19,0,71,5,45,21,71,0,0,0,0,0,0,0,90,16,50,24,90,0
2020-21,Bihar,Nawadah,27,7,8,12,27,0,111,1,76,34,111,0,0,0,0,0,0,0,138,8,84,46,138,0
2020-21,Bihar,Patna,295,51,59,21,131,164,885,11,107,450,568,317,0,0,0,0,0,0,1180,62,166,471,699,481
2020-21,Bihar,Patna Railway,0,0,0,0,0,0,2,0,0,1,1,1,0,0,0,0,0,0,2,0,0,1,1,1
2020-21,Bihar,Purnea,2,0,0,2,2,0,0,0,0,0,0,0,0,0,0,0,0,0,2,0,0,2,2,0
2020-21,Bihar,Rohtas,23,0,11,4,15,8,19,2,2,2,6,13,0,0,0,0,0,0,42,2,13,6,21,21
2020-21,Bihar,Saharsa,1,0,0,0,0,1,0,0,0,0,0,0,0,0,0,0,0,0,1,0,0,0,0,1
2020-21,Bihar,Samastipur,13,5,3,0,8,5,140,5,35,74,114,26,0,0,0,0,0,0,153,10,38,74,122,31
2020-21,Bihar,Saran,103,16,7,28,51,52,431,30,60,205,295,136,0,0,0,0,0,0,534,46,67,233,346,188
2020-21,Bihar,Sheikhpura,10,1,2,4,7,3,54,0,15,22,37,17,0,0,0,0,0,0,64,1,17,26,44,20
2020-21,Bihar,Sheohar,0,0,0,0,0,0,0,0,0,0,0,0,0,0,0,0,0,0,0,0,0,0,0,0
2020-21,Bihar,Sitamarhi,74,11,19,12,42,32,294,2,54,127,183,111,0,0,0,0,0,0,368,13,73,139,225,143
2020-21,Bihar,Siwan,0,0,0,0,0,0,166,0,26,122,148,18,75,0,0,0,0,75,241,0,26,122,148,93
2020-21,Bihar,Supaul,15,0,5,1,6,9,134,1,20,70,91,43,0,0,0,0,0,0,149,1,25,71,97,52
2020-21,Bihar,Vaishali,142,0,58,62,120,22,342,42,135,125,302,40,0,0,0,0,0,0,484,42,193,187,422,62
2020-21,Bihar,Economic Offences Unit,0,0,0,0,0,0,0,0,0,0,0,0,0,0,0,0,0,0,0,0,0,0,0,0
2020-21,Bihar,Anti Terrorist Squad,0,0,0,0,0,0,0,0,0,0,0,0,0,0,0,0,0,0,0,0,0,0,0,0
2020-21,Bihar,Total Districts ,1377,162,280,266,708,669,6144,232,990,2648,3870,2274,75,0,0,0,0,75,7596,394,1270,2914,4578,3018
2020-21,Chhattisgarh,Balod,109,0,6,0,6,103,387,0,3,60,63,324,0,0,0,0,0,0,496,0,9,60,69,427
2020-21,Chhattisgarh,Balodbazar,139,0,8,3,11,128,644,4,91,68,163,481,0,0,0,0,0,0,783,4,99,71,174,609
2020-21,Chhattisgarh,Balrampur,56,0,1,1,2,54,193,3,18,47,68,125,0,0,0,0,0,0,249,3,19,48,70,179
2020-21,Chhattisgarh,Bemetra,78,0,3,3,6,72,307,0,22,50,72,235,0,0,0,0,0,0,385,0,25,53,78,307
2020-21,Chhattisgarh,Bilaspur,453,7,10,34,51,402,1026,7,143,95,245,781,0,0,0,0,0,0,1479,14,153,129,296,1183
2020-21,Chhattisgarh,Bizapur,10,0,0,0,0,10,32,0,3,6,9,23,0,0,0,0,0,0,42,0,3,6,9,33
2020-21,Chhattisgarh,Dantewara,20,0,2,0,2,18,59,0,9,10,19,40,0,0,0,0,0,0,79,0,11,10,21,58
2020-21,Chhattisgarh,Dhamtari,140,0,2,11,13,127,415,0,1,61,62,353,0,0,0,0,0,0,555,0,3,72,75,480
2020-21,Chhattisgarh,Durg,372,5,26,19,50,322,1043,5,78,138,221,822,0,0,0,0,0,0,1415,10,104,157,271,1144
2020-21,Chhattisgarh,Gariyaband,69,0,2,2,4,65,206,1,18,25,44,162,0,0,0,0,0,0,275,1,20,27,48,227
2020-21,Chhattisgarh,GRP Raipur,9,0,1,0,1,8,18,0,2,3,5,13,0,0,0,0,0,0,27,0,3,3,6,21
2020-21,Chhattisgarh,Jagdalpur,86,2,2,5,9,77,288,1,25,63,89,199,0,0,0,0,0,0,374,3,27,68,98,276
2020-21,Chhattisgarh,Janjgir,226,2,13,16,31,195,775,7,35,156,198,577,0,0,0,0,0,0,1001,9,48,172,229,772
2020-21,Chhattisgarh,Jashpur,77,4,5,7,16,61,268,1,32,49,82,186,0,0,0,0,0,0,345,5,37,56,98,247
2020-21,Chhattisgarh,Kabirdham,90,1,4,11,16,74,308,1,30,60,91,217,0,0,0,0,0,0,398,2,34,71,107,291
2020-21,Chhattisgarh,Kanker,136,0,1,5,6,130,280,0,0,64,64,216,0,0,0,0,0,0,416,0,1,69,70,346
2020-21,Chhattisgarh,Kondagaon,42,0,0,4,4,38,172,0,16,24,40,132,0,0,0,0,0,0,214,0,16,28,44,170
2020-21,Chhattisgarh,Korba,198,5,3,15,23,175,538,5,6,101,112,426,0,0,0,0,0,0,736,10,9,116,135,601
2020-21,Chhattisgarh,Koriya,91,0,4,5,9,82,316,3,45,50,98,218,0,0,0,0,0,0,407,3,49,55,107,300
2020-21,Chhattisgarh,Mahasamund,155,0,6,3,9,146,458,0,45,41,86,372,0,0,0,0,0,0,613,0,51,44,95,518
2020-21,Chhattisgarh,Mungali,61,0,1,4,5,56,274,1,27,49,77,197,0,0,0,0,0,0,335,1,28,53,82,253
2020-21,Chhattisgarh,Narayanpur,8,0,0,3,3,5,41,0,5,7,12,29,0,0,0,0,0,0,49,0,5,10,15,34
2020-21,Chhattisgarh,Raigarh,214,5,10,10,25,189,630,1,43,92,136,494,0,0,0,0,0,0,844,6,53,102,161,683
2020-21,Chhattisgarh,Raipur,635,3,14,53,70,565,1764,0,44,381,425,1339,0,0,0,0,0,0,2399,3,58,434,495,1904
2020-21,Chhattisgarh,Rajnandgaon,261,1,5,5,11,250,745,0,43,87,130,615,0,0,0,0,0,0,1006,1,48,92,141,865
2020-21,Chhattisgarh,Sarguja,139,0,11,6,17,122,424,1,87,36,124,300,0,0,0,0,0,0,563,1,98,42,141,422
2020-21,Chhattisgarh,Sukma,11,0,0,1,1,10,47,1,13,9,23,24,0,0,0,0,0,0,58,1,13,10,24,34
2020-21,Chhattisgarh,Surajpur,87,3,0,1,4,83,275,1,34,35,70,205,0,0,0,0,0,0,362,4,34,36,74,288
2020-21,Chhattisgarh,Gaurela-Pendra-Marwari,38,0,3,5,8,30,176,0,18,19,37,139,0,0,0,0,0,0,214,0,21,24,45,169
2020-21,Chhattisgarh,Total Districts ,4010,38,143,232,413,3597,12109,43,936,1886,2865,9244,0,0,0,0,0,0,16119,81,1079,2118,3278,12841
2020-21,Goa,North Goa,161,2,1,0,3,158,113,3,0,0,3,110,0,0,0,0,0,0,274,5,1,0,6,268
2020-21,Goa,South Goa,131,2,2,0,4,127,111,2,1,0,3,108,0,0,0,0,0,0,242,4,3,0,7,235
2020-21,Goa,Total Districts ,300,4,3,0,7,293,225,5,1,0,6,219,0,0,0,0,0,0,525,9,4,0,13,512
2020-21,Gujarat,Ahmedabad City,1078,12,37,16,65,1013,2778,14,160,99,273,2505,0,0,0,0,0,0,3856,26,197,115,338,3518
2020-21,Gujarat,Ahmedabad Rural,58,7,1,0,8,50,117,7,2,0,9,108,0,0,0,0,0,0,175,14,3,0,17,158
2020-21,Gujarat,Amreli,20,0,0,0,0,20,82,0,0,0,0,82,0,0,0,0,0,0,102,0,0,0,0,102
2020-21,Gujarat,Anand,114,0,0,0,0,114,315,0,0,0,0,315,0,0,0,0,0,0,429,0,0,0,0,429
2020-21,Gujarat,Arvalli,59,0,0,0,0,59,201,0,0,0,0,201,0,0,0,0,0,0,260,0,0,0,0,260
2020-21,Gujarat,Banaskantha,84,0,0,0,0,84,234,0,0,0,0,234,0,0,0,0,0,0,318,0,0,0,0,318
2020-21,Gujarat,Bharuch,173,17,2,1,20,153,257,6,4,1,11,246,0,0,0,0,0,0,430,23,6,2,31,399
2020-21,Gujarat,Bhavnagar,52,0,1,1,2,50,173,0,0,7,7,166,0,0,0,0,0,0,225,0,1,8,9,216
2020-21,Gujarat,Botad,18,0,0,3,3,15,64,0,12,20,32,32,0,0,0,0,0,0,82,0,12,23,35,47
2020-21,Gujarat,Chhotaudepur,15,0,0,0,0,15,41,1,0,0,1,40,0,0,0,0,0,0,56,1,0,0,1,55
2020-21,Gujarat,CID Crime,0,0,0,0,0,0,0,0,0,0,0,0,0,0,0,0,0,0,0,0,0,0,0,0
2020-21,Gujarat,Dahod,41,2,0,1,3,38,190,3,48,78,129,61,0,0,0,0,0,0,231,5,48,79,132,99
2020-21,Gujarat,Dang,0,0,0,0,0,0,0,0,0,0,0,0,0,0,0,0,0,0,0,0,0,0,0,0
2020-21,Gujarat,Devbhumi Dwarka,32,2,0,0,2,30,84,6,0,0,6,78,0,0,0,0,0,0,116,8,0,0,8,108
2020-21,Gujarat,Gandhinagar,160,16,0,0,16,144,285,10,3,0,13,272,0,0,0,0,0,0,445,26,3,0,29,416
2020-21,Gujarat,Gir Somnath,25,0,0,0,0,25,15,0,0,0,0,15,0,0,0,0,0,0,40,0,0,0,0,40
2020-21,Gujarat,Jamnagar,71,11,1,4,16,55,152,9,6,6,21,131,0,0,0,0,0,0,223,20,7,10,37,186
2020-21,Gujarat,Junagadh,29,1,0,0,1,28,28,0,0,0,0,28,0,0,0,0,0,0,57,1,0,0,1,56
2020-21,Gujarat,Kachchh East(G),145,4,5,2,11,134,341,16,18,27,61,280,0,0,0,0,0,0,486,20,23,29,72,414
2020-21,Gujarat,Kachchh West(B),108,2,1,3,6,102,288,1,27,17,45,243,0,0,0,0,0,0,396,3,28,20,51,345
2020-21,Gujarat,Kheda,114,16,0,2,18,96,209,10,0,0,10,199,0,0,0,0,0,0,323,26,0,2,28,295
2020-21,Gujarat,Mahisagar,15,2,0,0,2,13,112,0,14,26,40,72,0,0,0,0,0,0,127,2,14,26,42,85
2020-21,Gujarat,Mehsana,93,2,0,0,2,91,350,0,0,0,0,350,2,2,0,0,2,0,445,4,0,0,4,441
2020-21,Gujarat,Morbi,25,0,0,0,0,25,30,0,0,0,0,30,0,0,0,0,0,0,55,0,0,0,0,55
2020-21,Gujarat,Narmada,8,1,0,0,1,7,35,1,0,0,1,34,0,0,0,0,0,0,43,2,0,0,2,41
2020-21,Gujarat,Navsari,60,1,2,0,3,57,82,2,1,1,4,78,0,0,0,0,0,0,142,3,3,1,7,135
2020-21,Gujarat,Panchmahal,48,0,1,0,1,47,56,4,0,0,4,52,0,0,0,0,0,0,104,4,1,0,5,99
2020-21,Gujarat,Patan,86,0,0,0,0,86,312,0,0,0,0,312,0,0,0,0,0,0,398,0,0,0,0,398
2020-21,Gujarat,Porbandar,16,0,0,0,0,16,26,2,0,0,2,24,0,0,0,0,0,0,42,2,0,0,2,40
2020-21,Gujarat,Rajkot City,16,0,2,4,6,10,40,0,10,20,30,10,0,0,0,0,0,0,56,0,12,24,36,20
2020-21,Gujarat,Rajkot Rural,75,1,1,0,2,73,365,4,37,47,88,277,0,0,0,0,0,0,440,5,38,47,90,350
2020-21,Gujarat,Sabarkantha,75,2,1,0,3,72,199,1,0,1,2,197,0,0,0,0,0,0,274,3,1,1,5,269
2020-21,Gujarat,Surat City,821,67,35,13,115,706,1480,65,47,36,148,1332,13,0,0,0,0,13,2314,132,82,49,263,2051
2020-21,Gujarat,Surat Rural,53,8,1,1,10,43,116,7,3,0,10,106,0,0,0,0,0,0,169,15,4,1,20,149
2020-21,Gujarat,Surendranagar,17,2,0,0,2,15,47,2,0,0,2,45,0,0,0,0,0,0,64,4,0,0,4,60
2020-21,Gujarat,Tapi,18,0,0,0,0,18,19,1,0,0,1,18,0,0,0,0,0,0,37,1,0,0,1,36
2020-21,Gujarat,Vadodara City,246,2,9,5,16,230,450,2,45,41,88,362,0,0,0,0,0,0,696,4,54,46,104,592
2020-21,Gujarat,Vadodara Rural,98,0,0,0,0,98,122,0,0,0,0,122,0,0,0,0,0,0,220,0,0,0,0,220
2020-21,Gujarat,Valsad,62,10,0,0,10,52,106,9,0,0,9,97,0,0,0,0,0,0,168,19,0,0,19,149
2020-21,Gujarat,W.Rly Ahmedabad,5,0,0,0,0,5,2,0,0,0,0,2,0,0,0,0,0,0,7,0,0,0,0,7
2020-21,Gujarat,W.Rly Vadodara,7,0,0,0,0,7,9,1,0,1,2,7,0,0,0,0,0,0,16,1,0,1,2,14
2020-21,Gujarat,Cyber Ahmedabad Range,0,0,0,0,0,0,0,0,0,0,0,0,0,0,0,0,0,0,0,0,0,0,0,0
2020-21,Gujarat,Cyber Bhavnagar Range,0,0,0,0,0,0,0,0,0,0,0,0,0,0,0,0,0,0,0,0,0,0,0,0
2020-21,Gujarat,Cyber Border Range,0,0,0,0,0,0,0,0,0,0,0,0,0,0,0,0,0,0,0,0,0,0,0,0
2020-21,Gujarat,Cyber Gandhinagar Range,0,0,0,0,0,0,0,0,0,0,0,0,0,0,0,0,0,0,0,0,0,0,0,0
2020-21,Gujarat,Cyber Junagadh Range,0,0,0,0,0,0,0,0,0,0,0,0,0,0,0,0,0,0,0,0,0,0,0,0
2020-21,Gujarat,Cyber Panchmahal Range,0,0,0,0,0,0,0,0,0,0,0,0,0,0,0,0,0,0,0,0,0,0,0,0
2020-21,Gujarat,Cyber Rajkot Range,0,0,0,0,0,0,0,0,0,0,0,0,0,0,0,0,0,0,0,0,0,0,0,0
2020-21,Gujarat,Cyber Surat Range,0,0,0,0,0,0,0,0,0,0,0,0,0,0,0,0,0,0,0,0,0,0,0,0
2020-21,Gujarat,Cyber Vadodara Range,0,0,0,0,0,0,0,0,0,0,0,0,0,0,0,0,0,0,0,0,0,0,0,0
2020-21,Gujarat,Total Districts ,4240,188,100,56,344,3896,9812,184,437,428,1049,8763,15,2,0,0,2,13,14067,374,537,484,1395,12672
2020-21,Haryana,Ambala,203,14,0,6,20,183,268,14,2,5,21,247,0,0,0,0,0,0,471,28,2,11,41,430
2020-21,Haryana,Bhiwani,135,1,17,8,26,109,318,1,11,19,31,287,0,0,0,0,0,0,453,2,28,27,57,396
2020-21,Haryana,Faridabad,479,55,20,17,92,387,742,57,11,7,75,667,0,0,0,0,0,0,1221,112,31,24,167,1054
2020-21,Haryana,Fatehabad,167,36,7,5,48,119,373,36,2,2,40,333,0,0,0,0,0,0,540,72,9,7,88,452
2020-21,Haryana,GRP,11,0,0,0,0,11,2,0,0,0,0,2,0,0,0,0,0,0,13,0,0,0,0,13
2020-21,Haryana,Gurugram,197,13,22,51,86,111,438,23,154,136,313,125,0,0,0,0,0,0,635,36,176,187,399,236
2020-21,Haryana,Hissar,266,4,17,20,41,225,573,0,14,32,46,527,0,0,0,0,0,0,839,4,31,52,87,752
2020-21,Haryana,Jhajjar,190,0,5,16,21,169,306,0,7,21,28,278,0,0,0,0,0,0,496,0,12,37,49,447
2020-21,Haryana,Jind,171,0,14,15,29,142,335,0,7,33,40,295,0,0,0,0,0,0,506,0,21,48,69,437
2020-21,Haryana,Kaithal,186,28,12,10,50,136,227,18,3,13,34,193,0,0,0,0,0,0,413,46,15,23,84,329
2020-21,Haryana,Karnal,467,4,23,29,56,411,684,4,27,36,67,617,0,0,0,0,0,0,1151,8,50,65,123,1028
2020-21,Haryana,Kurukshetra,206,12,1,0,13,193,329,10,2,3,15,314,0,0,0,0,0,0,535,22,3,3,28,507
2020-21,Haryana,Mahendergarh,87,17,4,8,29,58,258,11,2,26,39,219,0,0,0,0,0,0,345,28,6,34,68,277
2020-21,Haryana,Nuh,37,0,10,9,19,18,58,3,0,1,4,54,0,0,0,0,0,0,95,3,10,10,23,72
2020-21,Haryana,Palwal,128,8,19,12,39,89,251,10,19,33,62,189,0,0,0,0,0,0,379,18,38,45,101,278
2020-21,Haryana,Panchkula,106,8,5,10,23,83,242,7,10,20,37,205,0,0,0,0,0,0,348,15,15,30,60,288
2020-21,Haryana,Panipat,466,59,8,4,71,395,684,67,7,1,75,609,0,0,0,0,0,0,1150,126,15,5,146,1004
2020-21,Haryana,Rewari,141,14,11,11,36,105,355,18,23,49,90,265,0,0,0,0,0,0,496,32,34,60,126,370
2020-21,Haryana,Rohtak,322,2,29,22,53,269,573,3,33,45,81,492,0,0,0,0,0,0,895,5,62,67,134,761
2020-21,Haryana,Sirsa,140,2,13,11,26,114,547,0,42,70,112,435,0,0,0,0,0,0,687,2,55,81,138,549
2020-21,Haryana,Sonipat,270,7,29,14,50,220,535,3,33,52,88,447,3,0,0,3,3,0,808,10,62,69,141,667
2020-21,Haryana,Yamunanagar,241,22,14,5,41,200,453,23,37,60,120,333,0,0,0,0,0,0,694,45,51,65,161,533
2020-21,Haryana,Irrigation & Power,0,0,0,0,0,0,0,0,0,0,0,0,0,0,0,0,0,0,0,0,0,0,0,0
2020-21,Haryana,Charkhi Dadri,28,0,0,1,1,27,102,0,0,6,6,96,0,0,0,0,0,0,130,0,0,7,7,123
2020-21,Haryana,Hansi,88,3,6,4,13,75,210,0,17,16,33,177,0,0,0,0,0,0,298,3,23,20,46,252
2020-21,Haryana,Total Districts ,4732,309,286,288,883,3849,8863,308,463,686,1457,7406,3,0,0,3,3,0,13598,617,749,977,2343,11255
2020-21,Himachal Pradesh,Baddi,82,4,3,4,11,71,230,2,23,13,38,192,0,0,0,0,0,0,312,6,26,17,49,263
2020-21,Himachal Pradesh,Bilaspur,38,2,2,0,4,34,135,6,7,15,28,107,0,0,0,0,0,0,173,8,9,15,32,141
2020-21,Himachal Pradesh,Chamba,37,0,0,0,0,37,114,0,0,27,27,87,0,0,0,0,0,0,151,0,0,27,27,124
2020-21,Himachal Pradesh,CID,0,0,0,0,0,0,0,0,0,0,0,0,0,0,0,0,0,0,0,0,0,0,0,0
2020-21,Himachal Pradesh,GRP,0,0,0,0,0,0,0,0,0,0,0,0,0,0,0,0,0,0,0,0,0,0,0,0
2020-21,Himachal Pradesh,Hamirpur,30,0,1,3,4,26,92,0,4,10,14,78,0,0,0,0,0,0,122,0,5,13,18,104
2020-21,Himachal Pradesh,Kangra,116,0,0,11,11,105,252,0,2,37,39,213,0,0,0,0,0,0,368,0,2,48,50,318
2020-21,Himachal Pradesh,Kinnaur,21,0,1,0,1,20,38,0,12,4,16,22,0,0,0,0,0,0,59,0,13,4,17,42
2020-21,Himachal Pradesh,Kullu,44,0,0,3,3,41,80,0,3,12,15,65,0,0,0,0,0,0,124,0,3,15,18,106
2020-21,Himachal Pradesh,Lahaul & Spiti,10,0,0,0,0,10,4,0,0,0,0,4,0,0,0,0,0,0,14,0,0,0,0,14
2020-21,Himachal Pradesh,Mandi,86,0,3,4,7,79,287,0,9,43,52,235,0,0,0,0,0,0,373,0,12,47,59,314
2020-21,Himachal Pradesh,Shimla,21,0,8,10,18,3,48,21,26,1,48,0,0,0,0,0,0,0,69,21,34,11,66,3
2020-21,Himachal Pradesh,Sirmaur,73,10,3,0,13,60,154,6,12,9,27,127,0,0,0,0,0,0,227,16,15,9,40,187
2020-21,Himachal Pradesh,Solan,32,0,1,0,1,31,120,1,12,24,37,83,0,0,0,0,0,0,152,1,13,24,38,114
2020-21,Himachal Pradesh,Una,26,3,5,1,9,17,33,0,9,12,21,12,0,0,0,0,0,0,59,3,14,13,30,29
2020-21,Himachal Pradesh,Cyber,0,0,0,0,0,0,0,0,0,0,0,0,0,0,0,0,0,0,0,0,0,0,0,0
2020-21,Himachal Pradesh,Total Districts ,616,19,27,36,82,534,1587,36,119,207,362,1225,0,0,0,0,0,0,2203,55,146,243,444,1759
2020-21,Kashmir,Anantnag,49,0,0,0,0,49,54,0,0,17,17,37,0,0,0,0,0,0,103,0,0,17,17,86
2020-21,Kashmir,Awantipora,30,0,0,0,0,30,20,0,0,0,0,20,0,0,0,0,0,0,50,0,0,0,0,50
2020-21,Kashmir,Bandipora,11,0,1,1,2,9,42,2,3,1,6,36,0,0,0,0,0,0,53,2,4,2,8,45
2020-21,Kashmir,Baramulla,0,0,0,0,0,0,63,0,29,34,63,0,0,0,0,0,0,0,63,0,29,34,63,0
2020-21,Kashmir,Budgam,35,3,0,0,3,32,40,0,0,0,0,40,0,0,0,0,0,0,75,3,0,0,3,72
2020-21,Kashmir,Crime Jammu,0,0,0,0,0,0,0,0,0,0,0,0,0,0,0,0,0,0,0,0,0,0,0,0
2020-21,Kashmir,Crime Srinagar,0,0,0,0,0,0,0,0,0,0,0,0,0,0,0,0,0,0,0,0,0,0,0,0
2020-21,Kashmir,Doda,20,0,0,0,0,20,60,0,0,0,0,60,0,0,0,0,0,0,80,0,0,0,0,80
2020-21,Kashmir,Ganderbal,21,0,1,1,2,19,36,0,1,5,6,30,0,0,0,0,0,0,57,0,2,6,8,49
2020-21,Kashmir,Handwara,12,0,0,4,4,8,18,0,0,1,1,17,0,0,0,0,0,0,30,0,0,5,5,25
2020-21,Kashmir,Jammu,212,0,0,0,0,212,386,0,0,0,0,386,0,0,0,0,0,0,598,0,0,0,0,598
2020-21,Kashmir,Kathua,49,7,3,2,12,37,177,7,5,23,35,142,0,0,0,0,0,0,226,14,8,25,47,179
2020-21,Kashmir,Kishtwar,11,0,0,0,0,11,45,0,0,0,0,45,0,0,0,0,0,0,56,0,0,0,0,56
2020-21,Kashmir,Kulgam,27,0,0,0,0,27,45,0,0,0,0,45,0,0,0,0,0,0,72,0,0,0,0,72
2020-21,Kashmir,Kupwara,33,0,1,0,1,32,62,0,0,0,0,62,0,0,0,0,0,0,95,0,1,0,1,94
2020-21,Kashmir,Poonch,20,2,6,0,8,12,92,2,0,1,3,89,0,0,0,0,0,0,112,4,6,1,11,101
2020-21,Kashmir,Pulwama,21,0,0,0,0,21,16,0,0,0,0,16,0,0,0,0,0,0,37,0,0,0,0,37
2020-21,Kashmir,Railways Jammu,2,0,0,0,0,2,2,0,0,0,0,2,0,0,0,0,0,0,4,0,0,0,0,4
2020-21,Kashmir,Railways Kashmir,0,0,0,0,0,0,0,0,0,0,0,0,0,0,0,0,0,0,0,0,0,0,0,0
2020-21,Kashmir,Railways Katra,0,0,0,0,0,0,0,0,0,0,0,0,0,0,0,0,0,0,0,0,0,0,0,0
2020-21,Kashmir,Rajouri,23,0,2,0,2,21,99,0,4,0,4,95,0,0,0,0,0,0,122,0,6,0,6,116
2020-21,Kashmir,Ramban,7,0,0,0,0,7,52,0,0,0,0,52,0,0,0,0,0,0,59,0,0,0,0,59
2020-21,Kashmir,Reasi,17,0,0,0,0,17,71,0,0,0,0,71,0,0,0,0,0,0,88,0,0,0,0,88
2020-21,Kashmir,Samba,34,2,2,1,5,29,96,3,6,3,12,84,0,0,0,0,0,0,130,5,8,4,17,113
2020-21,Kashmir,Shopian,7,0,0,0,0,7,39,0,2,7,9,30,0,0,0,0,0,0,46,0,2,7,9,37
2020-21,Kashmir,Sopore,23,0,8,2,10,13,44,0,9,15,24,20,0,0,0,0,0,0,67,0,17,17,34,33
2020-21,Kashmir,Srinagar,120,0,0,8,8,112,127,0,0,3,3,124,0,0,0,0,0,0,247,0,0,11,11,236
2020-21,Kashmir,Udhampur,54,2,2,3,7,47,149,2,10,20,32,117,0,0,0,0,0,0,203,4,12,23,39,164
2020-21,Kashmir,Cyber Crime Jammu,0,0,0,0,0,0,0,0,0,0,0,0,0,0,0,0,0,0,0,0,0,0,0,0
2020-21,Kashmir,Cyber Crime Kashmir,0,0,0,0,0,0,0,0,0,0,0,0,0,0,0,0,0,0,0,0,0,0,0,0
2020-21,Kashmir,Anti Narcotic Task Force Jammu,0,0,0,0,0,0,0,0,0,0,0,0,0,0,0,0,0,0,0,0,0,0,0,0
2020-21,Kashmir,Total Districts ,838,16,26,22,64,774,1835,16,69,130,215,1620,0,0,0,0,0,0,2673,32,95,152,279,2394
2020-21,Jharkhand,Bokaro,5,5,0,0,5,0,12,0,5,7,12,0,0,0,0,0,0,0,17,5,5,7,17,0
2020-21,Jharkhand,Chaibasa,1,0,1,0,1,0,4,1,0,3,4,0,0,0,0,0,0,0,5,1,1,3,5,0
2020-21,Jharkhand,Chatra,19,6,1,1,8,11,35,2,4,7,13,22,0,0,0,0,0,0,54,8,5,8,21,33
2020-21,Jharkhand,Deoghar,4,0,3,1,4,0,9,1,4,4,9,0,0,0,0,0,0,0,13,1,7,5,13,0
2020-21,Jharkhand,Dhanbad,5,0,2,1,3,2,3,0,1,1,2,1,0,0,0,0,0,0,8,0,3,2,5,3
2020-21,Jharkhand,Dhanbad Railway,3,0,0,1,1,2,2,0,0,0,0,2,0,0,0,0,0,0,5,0,0,1,1,4
2020-21,Jharkhand,Dumka,0,0,0,0,0,0,0,0,0,0,0,0,0,0,0,0,0,0,0,0,0,0,0,0
2020-21,Jharkhand,Garhwa,57,12,5,6,23,34,64,9,8,5,22,42,0,0,0,0,0,0,121,21,13,11,45,76
2020-21,Jharkhand,Giridih,0,0,0,0,0,0,0,0,0,0,0,0,0,0,0,0,0,0,0,0,0,0,0,0
2020-21,Jharkhand,Godda,0,0,0,0,0,0,0,0,0,0,0,0,0,0,0,0,0,0,0,0,0,0,0,0
2020-21,Jharkhand,Gumla,0,0,0,0,0,0,0,0,0,0,0,0,0,0,0,0,0,0,0,0,0,0,0,0
2020-21,Jharkhand,Hazaribagh,43,5,3,3,11,32,50,3,8,6,17,33,0,0,0,0,0,0,93,8,11,9,28,65
2020-21,Jharkhand,Jamshedpur,34,1,2,1,4,30,36,1,3,1,5,31,0,0,0,0,0,0,70,2,5,2,9,61
2020-21,Jharkhand,Jamshedpur Railway,3,0,0,0,0,3,1,0,1,0,1,0,0,0,0,0,0,0,4,0,1,0,1,3
2020-21,Jharkhand,Jamtara,24,2,1,2,5,19,51,4,4,11,19,32,0,0,0,0,0,0,75,6,5,13,24,51
2020-21,Jharkhand,Khunti,8,6,2,0,8,0,30,16,12,2,30,0,0,0,0,0,0,0,38,22,14,2,38,0
2020-21,Jharkhand,Koderma,0,0,0,0,0,0,0,0,0,0,0,0,0,0,0,0,0,0,0,0,0,0,0,0
2020-21,Jharkhand,Latehar,20,2,2,3,7,13,24,4,5,4,13,11,0,0,0,0,0,0,44,6,7,7,20,24
2020-21,Jharkhand,Lohardagga,29,1,4,9,14,15,79,5,8,20,33,46,0,0,0,0,0,0,108,6,12,29,47,61
2020-21,Jharkhand,Pakur,1,0,1,0,1,0,6,0,4,2,6,0,0,0,0,0,0,0,7,0,5,2,7,0
2020-21,Jharkhand,Palamu,11,2,6,3,11,0,28,5,13,10,28,0,0,0,0,0,0,0,39,7,19,13,39,0
2020-21,Jharkhand,Ramgarh,6,0,0,2,2,4,21,0,1,3,4,17,0,0,0,0,0,0,27,0,1,5,6,21
2020-21,Jharkhand,Ranchi,50,0,11,15,26,24,29,0,7,10,17,12,0,0,0,0,0,0,79,0,18,25,43,36
2020-21,Jharkhand,Sahebganj,28,1,2,16,19,9,0,0,0,0,0,0,0,0,0,0,0,0,28,1,2,16,19,9
2020-21,Jharkhand,Saraikela,0,0,0,0,0,0,0,0,0,0,0,0,0,0,0,0,0,0,0,0,0,0,0,0
2020-21,Jharkhand,Simdega,2,0,2,0,2,0,10,0,10,0,10,0,0,0,0,0,0,0,12,0,12,0,12,0
2020-21,Jharkhand,Total Districts ,353,43,48,64,155,198,494,51,98,96,245,249,0,0,0,0,0,0,847,94,146,160,400,447
2020-21,Karnataka,Bagalkot,85,14,0,0,14,71,178,12,1,0,13,165,0,0,0,0,0,0,263,26,1,0,27,236
2020-21,Karnataka,Bengaluru City,1625,100,28,1,129,1496,2580,150,24,11,185,2395,0,0,0,0,0,0,4205,250,52,12,314,3891
2020-21,Karnataka,Bengaluru District,346,15,12,13,40,306,614,15,7,0,22,592,0,0,0,0,0,0,960,30,19,13,62,898
2020-21,Karnataka,Belagavi District,146,4,2,0,6,140,302,6,0,1,7,295,0,0,0,0,0,0,448,10,2,1,13,435
2020-21,Karnataka,Ballari,166,12,6,1,19,147,241,6,8,2,16,225,0,0,0,0,0,0,407,18,14,3,35,372
2020-21,Karnataka,Bidar,62,4,2,4,10,52,109,3,1,5,9,100,0,0,0,0,0,0,171,7,3,9,19,152
2020-21,Karnataka,Vijayapura,93,2,5,0,7,86,49,10,36,3,49,0,0,0,0,0,0,0,142,12,41,3,56,86
2020-21,Karnataka,Chikkaballapura,110,14,1,5,20,90,377,13,2,0,15,362,0,0,0,0,0,0,487,27,3,5,35,452
2020-21,Karnataka,Chamarajnagar,69,9,0,0,9,60,150,8,0,0,8,142,0,0,0,0,0,0,219,17,0,0,17,202
2020-21,Karnataka,Chikkamagaluru,107,18,0,0,18,89,239,1,2,10,13,226,0,0,0,0,0,0,346,19,2,10,31,315
2020-21,Karnataka,Chitradurga,144,5,10,0,15,129,467,9,10,0,19,448,0,0,0,0,0,0,611,14,20,0,34,577
2020-21,Karnataka,Dakshina Kannada,88,3,1,0,4,84,85,5,1,0,6,79,0,0,0,0,0,0,173,8,2,0,10,163
2020-21,Karnataka,Davanagere,179,0,0,1,1,178,743,0,0,358,358,385,0,0,0,0,0,0,922,0,0,359,359,563
2020-21,Karnataka,Dharwad,51,2,2,0,4,47,68,4,2,0,6,62,0,0,0,0,0,0,119,6,4,0,10,109
2020-21,Karnataka,Gadag,60,7,2,1,10,50,145,0,0,14,14,131,0,0,0,0,0,0,205,7,2,15,24,181
2020-21,Karnataka,Kalaburgi,65,14,0,0,14,51,128,9,0,0,9,119,0,0,0,0,0,0,193,23,0,0,23,170
2020-21,Karnataka,Hassan,142,6,9,0,15,127,266,5,10,0,15,251,0,0,0,0,0,0,408,11,19,0,30,378
2020-21,Karnataka,Haveri,88,2,2,4,8,80,239,4,2,5,11,228,0,0,0,0,0,0,327,6,4,9,19,308
2020-21,Karnataka,Hubballi Dharwad City,100,2,2,4,8,92,157,4,3,2,9,148,0,0,0,0,0,0,257,6,5,6,17,240
2020-21,Karnataka,K.G.F.,32,5,0,0,5,27,106,4,1,0,5,101,0,0,0,0,0,0,138,9,1,0,10,128
2020-21,Karnataka,Kodagu,57,9,0,0,9,48,92,9,0,0,9,83,0,0,0,0,0,0,149,18,0,0,18,131
2020-21,Karnataka,Kolar,79,10,4,4,18,61,229,4,2,2,8,221,0,0,0,0,0,0,308,14,6,6,26,282
2020-21,Karnataka,Koppal,46,4,2,3,9,37,160,6,6,2,14,146,0,0,0,0,0,0,206,10,8,5,23,183
2020-21,Karnataka,Mandya,196,0,0,0,0,196,428,0,0,0,0,428,0,0,0,0,0,0,624,0,0,0,0,624
2020-21,Karnataka,Mangaluru City,91,2,3,1,6,85,94,5,4,2,11,83,0,0,0,0,0,0,185,7,7,3,17,168
2020-21,Karnataka,Mysuru City,160,13,4,0,17,143,206,19,1,0,20,186,0,0,0,0,0,0,366,32,5,0,37,329
2020-21,Karnataka,Mysuru District,235,10,8,4,22,213,424,12,8,6,26,398,0,0,0,0,0,0,659,22,16,10,48,611
2020-21,Karnataka,Raichur,59,9,1,1,11,48,146,14,2,1,17,129,0,0,0,0,0,0,205,23,3,2,28,177
2020-21,Karnataka,K.Railways,7,2,0,0,2,5,11,1,0,0,1,10,0,0,0,0,0,0,18,3,0,0,3,15
2020-21,Karnataka,Ramanagara,174,10,6,10,26,148,349,8,4,8,20,329,0,0,0,0,0,0,523,18,10,18,46,477
2020-21,Karnataka,Shimoga,244,26,0,0,26,218,466,27,0,3,30,436,0,0,0,0,0,0,710,53,0,3,56,654
2020-21,Karnataka,Tumakuru,184,13,0,0,13,171,561,21,4,1,26,535,0,0,0,0,0,0,745,34,4,1,39,706
2020-21,Karnataka,Udupi,103,3,3,4,10,93,104,3,3,4,10,94,0,0,0,0,0,0,207,6,6,8,20,187
2020-21,Karnataka,Uttara Kannada,116,17,2,1,20,96,187,5,0,0,5,182,0,0,0,0,0,0,303,22,2,1,25,278
2020-21,Karnataka,Yadgiri,33,6,0,0,6,27,73,2,2,0,4,69,0,0,0,0,0,0,106,8,2,0,10,96
2020-21,Karnataka,Belagavi City,65,4,2,2,8,57,105,6,4,4,14,91,0,0,0,0,0,0,170,10,6,6,22,148
2020-21,Karnataka,Kalaburgi City,36,0,0,3,3,33,84,0,0,9,9,75,0,0,0,0,0,0,120,0,0,12,12,108
2020-21,Karnataka,Total Districts ,5643,376,119,67,562,5081,10962,410,150,453,1013,9949,0,0,0,0,0,0,16605,786,269,520,1575,15030
2020-21,Kerala,Alapuzha,213,6,9,22,37,176,527,18,6,36,60,467,0,0,0,0,0,0,740,24,15,58,97,643
2020-21,Kerala,Ernakulam Commr.,126,3,13,8,24,102,225,9,5,13,27,198,0,0,0,0,0,0,351,12,18,21,51,300
2020-21,Kerala,Ernakulam Rural,228,18,17,14,49,179,393,16,9,30,55,338,6,0,0,0,0,6,627,34,26,44,104,523
2020-21,Kerala,Idukki,155,17,19,18,54,101,236,10,10,16,36,200,0,0,0,0,0,0,391,27,29,34,90,301
2020-21,Kerala,Kannur City,62,2,2,6,10,52,108,8,2,9,19,89,0,0,0,0,0,0,170,10,4,15,29,141
2020-21,Kerala,Kasargod,110,7,8,10,25,85,177,9,13,7,29,148,0,0,0,0,0,0,287,16,21,17,54,233
2020-21,Kerala,Kollam Commr.,212,26,17,12,55,157,531,20,15,14,49,482,0,0,0,0,0,0,743,46,32,26,104,639
2020-21,Kerala,Kollam Rural,122,5,10,7,22,100,363,5,10,52,67,296,0,0,0,0,0,0,485,10,20,59,89,396
2020-21,Kerala,Kottayam,158,9,6,15,30,128,348,3,7,47,57,291,39,0,0,0,0,39,545,12,13,62,87,458
2020-21,Kerala,Kozhikode Commr.,178,9,14,12,35,143,187,6,13,16,35,152,0,0,0,0,0,0,365,15,27,28,70,295
2020-21,Kerala,Kozhikode Rural,164,16,15,12,43,121,312,9,16,12,37,275,0,0,0,0,0,0,476,25,31,24,80,396
2020-21,Kerala,Malappuram,247,19,26,34,79,168,386,18,21,54,93,293,0,0,0,0,0,0,633,37,47,88,172,461
2020-21,Kerala,Palakkad,197,31,9,7,47,150,428,29,12,18,59,369,0,0,0,0,0,0,625,60,21,25,106,519
2020-21,Kerala,Pathanamthitta,153,17,10,10,37,116,315,14,10,10,34,281,0,0,0,0,0,0,468,31,20,20,71,397
2020-21,Kerala,Railways,7,0,0,1,1,6,0,0,0,0,0,0,0,0,0,0,0,0,7,0,0,1,1,6
2020-21,Kerala,Thrissur Commr.,159,16,6,6,28,131,345,22,12,25,59,286,0,0,0,0,0,0,504,38,18,31,87,417
2020-21,Kerala,Thrissur Rural,174,12,8,8,28,146,302,9,5,26,40,262,0,0,0,0,0,0,476,21,13,34,68,408
2020-21,Kerala,Trivandrum Commr.,173,7,9,20,36,137,246,8,4,28,40,206,6,0,0,0,0,6,425,15,13,48,76,349
2020-21,Kerala,Trivandrum Rural,252,14,18,13,45,207,501,20,6,34,60,441,0,0,0,0,0,0,753,34,24,47,105,648
2020-21,Kerala,Wayanadu,60,9,5,3,17,43,129,10,6,12,28,101,0,0,0,0,0,0,189,19,11,15,45,144
2020-21,Kerala,Crime Branch,0,0,0,0,0,0,0,0,0,0,0,0,0,0,0,0,0,0,0,0,0,0,0,0
2020-21,Kerala,Kannur Rural,52,3,3,2,8,44,124,12,1,2,15,109,0,0,0,0,0,0,176,15,4,4,23,153
2020-21,Kerala,Total Districts ,3202,246,224,240,710,2492,6183,255,183,461,899,5284,51,0,0,0,0,51,9436,501,407,701,1609,7827
2020-21,Madhya Pradesh,Agar,59,0,0,6,6,53,190,0,3,33,36,154,0,0,0,0,0,0,249,0,3,39,42,207
2020-21,Madhya Pradesh,Alirajpur,61,0,1,4,5,56,446,0,12,90,102,344,0,0,0,0,0,0,507,0,13,94,107,400
2020-21,Madhya Pradesh,Anuppur,129,4,5,7,16,113,378,2,38,65,105,273,0,0,0,0,0,0,507,6,43,72,121,386
2020-21,Madhya Pradesh,Ashok Nagar,140,3,9,7,19,121,376,0,44,58,102,274,0,0,0,0,0,0,516,3,53,65,121,395
2020-21,Madhya Pradesh,Balaghat,312,12,7,3,22,290,962,8,62,132,202,760,0,0,0,0,0,0,1274,20,69,135,224,1050
2020-21,Madhya Pradesh,Barwani,123,1,2,1,4,119,605,4,96,44,144,461,0,0,0,0,0,0,728,5,98,45,148,580
2020-21,Madhya Pradesh,Betul,243,3,3,4,10,233,863,2,29,97,128,735,0,0,0,0,0,0,1106,5,32,101,138,968
2020-21,Madhya Pradesh,Bhind,113,0,13,15,28,85,237,6,37,62,105,132,0,0,0,0,0,0,350,6,50,77,133,217
2020-21,Madhya Pradesh,Bhopal,179,18,62,92,172,7,392,11,95,278,384,8,0,0,0,0,0,0,571,29,157,370,556,15
2020-21,Madhya Pradesh,Bhopal Railway,22,0,0,2,2,20,29,0,0,0,0,29,0,0,0,0,0,0,51,0,0,2,2,49
2020-21,Madhya Pradesh,Burhanpur,104,3,11,6,20,84,263,11,20,32,63,200,0,0,0,0,0,0,367,14,31,38,83,284
2020-21,Madhya Pradesh,Chhatarpur,251,0,27,20,47,204,679,0,62,134,196,483,0,0,0,0,0,0,930,0,89,154,243,687
2020-21,Madhya Pradesh,Chhindwara,355,1,5,9,15,340,1116,4,38,91,133,983,0,0,0,0,0,0,1471,5,43,100,148,1323
2020-21,Madhya Pradesh,Damoh,275,5,15,9,29,246,279,1,42,94,137,142,0,0,0,0,0,0,554,6,57,103,166,388
2020-21,Madhya Pradesh,Datia,110,0,0,10,10,100,221,0,0,44,44,177,0,0,0,0,0,0,331,0,0,54,54,277
2020-21,Madhya Pradesh,Dewas,147,4,8,10,22,125,835,25,100,120,245,590,0,0,0,0,0,0,982,29,108,130,267,715
2020-21,Madhya Pradesh,Dhar,342,6,11,14,31,311,1702,14,175,295,484,1218,0,0,0,0,0,0,2044,20,186,309,515,1529
2020-21,Madhya Pradesh,Dindori,55,1,4,5,10,45,322,2,63,49,114,208,0,0,0,0,0,0,377,3,67,54,124,253
2020-21,Madhya Pradesh,Guna,223,3,9,6,18,205,525,0,51,75,126,399,0,0,0,0,0,0,748,3,60,81,144,604
2020-21,Madhya Pradesh,Gwalior,683,14,56,50,120,563,1224,7,94,150,251,973,0,0,0,0,0,0,1907,21,150,200,371,1536
2020-21,Madhya Pradesh,Harda,148,1,10,0,11,137,135,0,13,122,135,0,0,0,0,0,0,0,283,1,23,122,146,137
2020-21,Madhya Pradesh,Hoshangabad,628,20,22,175,217,411,249,25,14,21,60,189,0,0,0,0,0,0,877,45,36,196,277,600
2020-21,Madhya Pradesh,Indore,1417,36,64,88,188,1229,4284,51,286,432,769,3515,0,0,0,0,0,0,5701,87,350,520,957,4744
2020-21,Madhya Pradesh,Indore Railway,9,4,2,0,6,3,20,6,0,0,6,14,0,0,0,0,0,0,29,10,2,0,12,17
2020-21,Madhya Pradesh,Jabalpur,1035,0,46,69,115,920,1851,2,66,334,402,1449,0,0,0,0,0,0,2886,2,112,403,517,2369
2020-21,Madhya Pradesh,Jabalpur Railway,21,0,1,0,1,20,12,0,0,1,1,11,0,0,0,0,0,0,33,0,1,1,2,31
2020-21,Madhya Pradesh,Jhabua,67,2,3,2,7,60,455,1,24,72,97,358,0,0,0,0,0,0,522,3,27,74,104,418
2020-21,Madhya Pradesh,Katni,290,12,7,28,47,243,757,5,8,171,184,573,0,0,0,0,0,0,1047,17,15,199,231,816
2020-21,Madhya Pradesh,Khandwa,17,3,6,8,17,0,185,3,55,127,185,0,0,0,0,0,0,0,202,6,61,135,202,0
2020-21,Madhya Pradesh,Khargone,294,20,30,18,68,226,1178,32,39,297,368,810,0,0,0,0,0,0,1472,52,69,315,436,1036
2020-21,Madhya Pradesh,Mandla,174,1,9,10,20,154,545,2,51,96,149,396,0,0,0,0,0,0,719,3,60,106,169,550
2020-21,Madhya Pradesh,Mandsaur,279,2,6,18,26,253,770,1,27,126,154,616,0,0,0,0,0,0,1049,3,33,144,180,869
2020-21,Madhya Pradesh,Morena,292,2,17,31,50,242,372,3,13,89,105,267,0,0,0,0,0,0,664,5,30,120,155,509
2020-21,Madhya Pradesh,Narsinghpur,299,0,6,17,23,276,633,1,4,169,174,459,0,0,0,0,0,0,932,1,10,186,197,735
2020-21,Madhya Pradesh,Neemuch,148,3,5,5,13,135,480,3,45,32,80,400,0,0,0,0,0,0,628,6,50,37,93,535
2020-21,Madhya Pradesh,Panna,168,8,15,10,33,135,516,2,82,68,152,364,0,0,0,0,0,0,684,10,97,78,185,499
2020-21,Madhya Pradesh,Raisen,282,0,12,19,31,251,866,2,94,134,230,636,0,0,0,0,0,0,1148,2,106,153,261,887
2020-21,Madhya Pradesh,Rajgarh,156,0,6,11,17,139,542,0,47,93,140,402,0,0,0,0,0,0,698,0,53,104,157,541
2020-21,Madhya Pradesh,Ratlam,310,3,8,13,24,286,1185,2,52,222,276,909,0,0,0,0,0,0,1495,5,60,235,300,1195
2020-21,Madhya Pradesh,Rewa,146,5,46,87,138,8,284,21,124,135,280,4,0,0,0,0,0,0,430,26,170,222,418,12
2020-21,Madhya Pradesh,Sagar,609,5,25,51,81,528,1368,10,52,249,311,1057,0,0,0,0,0,0,1977,15,77,300,392,1585
2020-21,Madhya Pradesh,Satna,435,24,44,57,125,310,889,52,63,125,240,649,0,0,0,0,0,0,1324,76,107,182,365,959
2020-21,Madhya Pradesh,Seoni,259,8,12,8,28,231,749,10,43,108,161,588,0,0,0,0,0,0,1008,18,55,116,189,819
2020-21,Madhya Pradesh,Shahdol,265,6,34,25,65,200,630,8,111,75,194,436,0,0,0,0,0,0,895,14,145,100,259,636
2020-21,Madhya Pradesh,Shajapur,121,9,7,3,19,102,369,2,30,56,88,281,0,0,0,0,0,0,490,11,37,59,107,383
2020-21,Madhya Pradesh,Sheopur,47,3,5,4,12,35,109,0,0,15,15,94,0,0,0,0,0,0,156,3,5,19,27,129
2020-21,Madhya Pradesh,Shivpuri,236,10,8,4,22,214,611,18,113,60,191,420,0,0,0,0,0,0,847,28,121,64,213,634
2020-21,Madhya Pradesh,Sidhi,147,2,14,22,38,109,491,8,36,86,130,361,0,0,0,0,0,0,638,10,50,108,168,470
2020-21,Madhya Pradesh,Sehore,189,7,2,3,12,177,597,1,65,46,112,485,0,0,0,0,0,0,786,8,67,49,124,662
2020-21,Madhya Pradesh,Singrauli,112,3,17,6,26,86,356,4,41,62,107,249,0,0,0,0,0,0,468,7,58,68,133,335
2020-21,Madhya Pradesh,Tikamgarh,68,3,13,5,21,47,299,1,61,55,117,182,0,0,0,0,0,0,367,4,74,60,138,229
2020-21,Madhya Pradesh,Ujjain,447,18,0,19,37,410,1276,30,176,176,382,894,0,0,0,0,0,0,1723,48,176,195,419,1304
2020-21,Madhya Pradesh,Umaria,15,0,5,10,15,0,77,2,22,53,77,0,0,0,0,0,0,0,92,2,27,63,92,0
2020-21,Madhya Pradesh,Vidisha,305,4,8,19,31,274,712,4,22,179,205,507,0,0,0,0,0,0,1017,8,30,198,236,781
2020-21,Madhya Pradesh,Cyber Crime Cell,0,0,0,0,0,0,0,0,0,0,0,0,0,0,0,0,0,0,0,0,0,0,0,0
2020-21,Madhya Pradesh,Niwari,58,0,7,3,10,48,142,2,13,14,29,113,0,0,0,0,0,0,200,2,20,17,39,161
2020-21,Madhya Pradesh,Total Districts ,13419,302,770,1128,2200,11219,35638,411,2953,6043,9407,26231,0,0,0,0,0,0,49057,713,3723,7171,11607,37450
2020-21,Maharashtra,Ahmednagar,1105,0,0,122,122,983,1715,0,0,107,107,1608,0,0,0,0,0,0,2820,0,0,229,229,2591
2020-21,Maharashtra,Akola,322,21,0,0,21,301,533,28,0,0,28,505,0,0,0,0,0,0,855,49,0,0,49,806
2020-21,Maharashtra,Amravati Commr.,265,0,0,0,0,265,391,0,0,0,0,391,0,0,0,0,0,0,656,0,0,0,0,656
2020-21,Maharashtra,Amravati Rural,8,0,1,6,7,1,164,0,2,160,162,2,0,0,0,0,0,0,172,0,3,166,169,3
2020-21,Maharashtra,Aurangabad Commr.,633,22,11,2,35,598,753,20,16,3,39,714,0,0,0,0,0,0,1386,42,27,5,74,1312
2020-21,Maharashtra,Aurangabad Rural,22,0,0,0,0,22,104,0,0,0,0,104,0,0,0,0,0,0,126,0,0,0,0,126
2020-21,Maharashtra,Beed,299,4,3,0,7,292,453,10,6,0,16,437,0,0,0,0,0,0,752,14,9,0,23,729
2020-21,Maharashtra,Bhandara,223,1,0,5,6,217,526,1,10,49,60,466,0,0,0,0,0,0,749,2,10,54,66,683
2020-21,Maharashtra,Buldhana,362,21,24,5,50,312,628,22,20,3,45,583,0,0,0,0,0,0,990,43,44,8,95,895
2020-21,Maharashtra,Chandrapur,507,0,0,0,0,507,908,0,0,0,0,908,0,0,0,0,0,0,1415,0,0,0,0,1415
2020-21,Maharashtra,Dhule,398,4,0,197,201,197,359,3,0,0,3,356,0,0,0,0,0,0,757,7,0,197,204,553
2020-21,Maharashtra,Gadchiroli,134,9,2,0,11,123,265,11,6,20,37,228,0,0,0,0,0,0,399,20,8,20,48,351
2020-21,Maharashtra,Gondia,89,0,0,0,0,89,382,0,0,0,0,382,0,0,0,0,0,0,471,0,0,0,0,471
2020-21,Maharashtra,Hingoli,122,0,0,3,3,119,166,0,0,1,1,165,0,0,0,0,0,0,288,0,0,4,4,284
2020-21,Maharashtra,Jalgaon,796,41,29,20,90,706,1254,47,28,10,85,1169,0,0,0,0,0,0,2050,88,57,30,175,1875
2020-21,Maharashtra,Jalna,17,0,3,8,11,6,46,0,10,36,46,0,0,0,0,0,0,0,63,0,13,44,57,6
2020-21,Maharashtra,Kolhapur,752,16,1,0,17,735,1412,17,0,0,17,1395,0,0,0,0,0,0,2164,33,1,0,34,2130
2020-21,Maharashtra,Latur,246,0,0,0,0,246,435,0,0,0,0,435,0,0,0,0,0,0,681,0,0,0,0,681
2020-21,Maharashtra,Mumbai Commr.,3786,57,192,200,449,3337,5268,46,540,562,1148,4120,4,0,0,0,0,4,9058,103,732,762,1597,7461
2020-21,Maharashtra,Mumbai Railway,39,9,1,0,10,29,49,3,3,1,7,42,0,0,0,0,0,0,88,12,4,1,17,71
2020-21,Maharashtra,Nagpur Commr.,1385,3,4,21,28,1357,1654,2,1,3,6,1648,0,0,0,0,0,0,3039,5,5,24,34,3005
2020-21,Maharashtra,Nagpur Railway,11,0,0,0,0,11,8,0,0,0,0,8,0,0,0,0,0,0,19,0,0,0,0,19
2020-21,Maharashtra,Nagpur Rural,395,0,0,0,0,395,771,0,0,0,0,771,0,0,0,0,0,0,1166,0,0,0,0,1166
2020-21,Maharashtra,Nanded,393,25,0,0,25,368,495,16,0,0,16,479,0,0,0,0,0,0,888,41,0,0,41,847
2020-21,Maharashtra,Nandurbar,146,15,0,0,15,131,305,12,1,0,13,292,0,0,0,0,0,0,451,27,1,0,28,423
2020-21,Maharashtra,Nasik Commr.,567,0,0,0,0,567,851,0,0,0,0,851,0,0,0,0,0,0,1418,0,0,0,0,1418
2020-21,Maharashtra,Nasik Rural,695,12,2,2,16,679,1204,12,1,0,13,1191,0,0,0,0,0,0,1899,24,3,2,29,1870
2020-21,Maharashtra,Navi Mumbai,749,32,18,6,56,693,927,29,20,8,57,870,0,0,0,0,0,0,1676,61,38,14,113,1563
2020-21,Maharashtra,Osmanabad,225,26,0,0,26,199,373,21,0,0,21,352,0,0,0,0,0,0,598,47,0,0,47,551
2020-21,Maharashtra,Palghar,181,1,0,0,1,180,330,2,0,0,2,328,0,0,0,0,0,0,511,3,0,0,3,508
2020-21,Maharashtra,Parbhani,164,0,0,0,0,164,278,0,0,0,0,278,0,0,0,0,0,0,442,0,0,0,0,442
2020-21,Maharashtra,Pune Commr.,1244,27,16,18,61,1183,1382,25,44,37,106,1276,24,0,3,0,3,21,2650,52,63,55,170,2480
2020-21,Maharashtra,Pune Railway,9,1,0,0,1,8,10,3,0,0,3,7,0,0,0,0,0,0,19,4,0,0,4,15
2020-21,Maharashtra,Pune Rural,856,20,2,4,26,830,1439,22,2,4,28,1411,0,0,0,0,0,0,2295,42,4,8,54,2241
2020-21,Maharashtra,Raigad,221,1,0,4,5,216,320,5,1,20,26,294,0,0,0,0,0,0,541,6,1,24,31,510
2020-21,Maharashtra,Ratnagiri,213,6,2,1,9,204,250,7,1,1,9,241,0,0,0,0,0,0,463,13,3,2,18,445
2020-21,Maharashtra,Sangli,609,26,2,0,28,581,1016,30,0,0,30,986,0,0,0,0,0,0,1625,56,2,0,58,1567
2020-21,Maharashtra,Satara,546,32,2,1,35,511,1105,33,2,1,36,1069,0,0,0,0,0,0,1651,65,4,2,71,1580
2020-21,Maharashtra,Sindhudurg,104,4,0,0,4,100,106,0,3,0,3,103,0,0,0,0,0,0,210,4,3,0,7,203
2020-21,Maharashtra,Solapur Commr.,255,22,2,0,24,231,421,7,1,0,8,413,0,0,0,0,0,0,676,29,3,0,32,644
2020-21,Maharashtra,Solapur Rural,489,0,0,0,0,489,923,0,0,0,0,923,0,0,0,0,0,0,1412,0,0,0,0,1412
2020-21,Maharashtra,Thane Commr.,1746,0,0,0,0,1746,2442,0,0,0,0,2442,0,0,0,0,0,0,4188,0,0,0,0,4188
2020-21,Maharashtra,Thane Rural,315,5,8,11,24,291,419,4,29,34,67,352,0,0,0,0,0,0,734,9,37,45,91,643
2020-21,Maharashtra,Wardha,407,0,0,0,0,407,646,0,0,0,0,646,0,0,0,0,0,0,1053,0,0,0,0,1053
2020-21,Maharashtra,Washim,216,0,0,0,0,216,400,0,0,0,0,400,0,0,0,0,0,0,616,0,0,0,0,616
2020-21,Maharashtra,Yavatmal,472,3,0,98,101,371,881,4,0,185,189,692,0,0,0,0,0,0,1353,7,0,283,290,1063
2020-21,Maharashtra,Pimpri Chinchwad City,1012,0,6,10,16,996,1317,0,11,6,17,1300,0,0,0,0,0,0,2329,0,17,16,33,2296
2020-21,Maharashtra,Aurangabad Railway,11,0,0,0,0,11,11,0,0,0,0,11,0,0,0,0,0,0,22,0,0,0,0,22
2020-21,Maharashtra,Mira Bhayandar Vasai Virar Commr.,860,58,6,6,70,790,1183,46,9,9,64,1119,0,0,0,0,0,0,2043,104,15,15,134,1909
2020-21,Maharashtra,Total Districts ,24621,524,337,750,1611,23010,37278,488,767,1260,2515,34763,28,0,3,0,3,25,61927,1012,1107,2010,4129,57798
2020-21,Manipur,Bishnupur,10,0,2,1,3,7,15,0,0,1,1,14,0,0,0,0,0,0,25,0,2,2,4,21
2020-21,Manipur,Chandel,0,0,0,0,0,0,0,0,0,0,0,0,0,0,0,0,0,0,0,0,0,0,0,0
2020-21,Manipur,Churachandpur,0,0,0,0,0,0,0,0,0,0,0,0,0,0,0,0,0,0,0,0,0,0,0,0
2020-21,Manipur,CID,0,0,0,0,0,0,0,0,0,0,0,0,0,0,0,0,0,0,0,0,0,0,0,0
2020-21,Manipur,Imphal East,37,1,0,6,7,30,53,4,9,21,34,19,0,0,0,0,0,0,90,5,9,27,41,49
2020-21,Manipur,Imphal West,0,0,0,0,0,0,1,1,0,0,1,0,0,0,0,0,0,0,1,1,0,0,1,0
2020-21,Manipur,Senapati,0,0,0,0,0,0,0,0,0,0,0,0,0,0,0,0,0,0,0,0,0,0,0,0
2020-21,Manipur,Tamenglong,0,0,0,0,0,0,0,0,0,0,0,0,0,0,0,0,0,0,0,0,0,0,0,0
2020-21,Manipur,Thoubal,19,1,2,2,5,14,17,0,6,4,10,7,0,0,0,0,0,0,36,1,8,6,15,21
2020-21,Manipur,Ukhrul,0,0,0,0,0,0,0,0,0,0,0,0,0,0,0,0,0,0,0,0,0,0,0,0
2020-21,Manipur,Kakching,6,1,0,0,1,5,21,0,0,1,1,20,0,0,0,0,0,0,27,1,0,1,2,25
2020-21,Manipur,Kamjong,0,0,0,0,0,0,0,0,0,0,0,0,0,0,0,0,0,0,0,0,0,0,0,0
2020-21,Manipur,Kangpokpi,0,0,0,0,0,0,0,0,0,0,0,0,0,0,0,0,0,0,0,0,0,0,0,0
2020-21,Manipur,Jiribam,7,0,0,0,0,7,8,0,0,0,0,8,0,0,0,0,0,0,15,0,0,0,0,15
2020-21,Manipur,Noney,0,0,0,0,0,0,0,0,0,0,0,0,0,0,0,0,0,0,0,0,0,0,0,0
2020-21,Manipur,Pherzawl,0,0,0,0,0,0,0,0,0,0,0,0,0,0,0,0,0,0,0,0,0,0,0,0
2020-21,Manipur,Tengnoupal,0,0,0,0,0,0,0,0,0,0,0,0,0,0,0,0,0,0,0,0,0,0,0,0
2020-21,Manipur,Narcotic,0,0,0,0,0,0,0,0,0,0,0,0,0,0,0,0,0,0,0,0,0,0,0,0
2020-21,Manipur,Total Districts ,79,3,4,9,16,63,115,5,15,27,47,68,0,0,0,0,0,0,194,8,19,36,63,131
2020-21,Meghalaya,Garo Hills East,0,0,0,0,0,0,0,0,0,0,0,0,0,0,0,0,0,0,0,0,0,0,0,0
2020-21,Meghalaya,Garo Hills North,0,0,0,0,0,0,0,0,0,0,0,0,0,0,0,0,0,0,0,0,0,0,0,0
2020-21,Meghalaya,Garo Hills South,0,0,0,0,0,0,0,0,0,0,0,0,0,0,0,0,0,0,0,0,0,0,0,0
2020-21,Meghalaya,Garo Hills South West,0,0,0,0,0,0,0,0,0,0,0,0,0,0,0,0,0,0,0,0,0,0,0,0
2020-21,Meghalaya,Garo Hills West,6,0,0,0,0,6,1,0,0,0,0,1,0,0,0,0,0,0,7,0,0,0,0,7
2020-21,Meghalaya,Jaintia Hills West,0,0,0,0,0,0,0,0,0,0,0,0,0,0,0,0,0,0,0,0,0,0,0,0
2020-21,Meghalaya,Jaintia Hills East,4,4,0,0,4,0,11,1,0,10,11,0,0,0,0,0,0,0,15,5,0,10,15,0
2020-21,Meghalaya,Khasi Hills East,72,5,7,4,16,56,96,2,12,21,35,61,0,0,0,0,0,0,168,7,19,25,51,117
2020-21,Meghalaya,Khasi Hills South West,0,0,0,0,0,0,0,0,0,0,0,0,0,0,0,0,0,0,0,0,0,0,0,0
2020-21,Meghalaya,Khasi Hills West,0,0,0,0,0,0,0,0,0,0,0,0,0,0,0,0,0,0,0,0,0,0,0,0
2020-21,Meghalaya,Ri-Bhoi,0,0,0,0,0,0,0,0,0,0,0,0,0,0,0,0,0,0,0,0,0,0,0,0
2020-21,Meghalaya,Cyber Cell,0,0,0,0,0,0,0,0,0,0,0,0,0,0,0,0,0,0,0,0,0,0,0,0
2020-21,Meghalaya,Total Districts ,82,9,7,4,20,62,108,3,12,31,46,62,0,0,0,0,0,0,190,12,19,35,66,124
2020-21,Mizoram,Aizawl,0,0,0,0,0,0,0,0,0,0,0,0,0,0,0,0,0,0,0,0,0,0,0,0
2020-21,Mizoram,Champhai,0,0,0,0,0,0,0,0,0,0,0,0,0,0,0,0,0,0,0,0,0,0,0,0
2020-21,Mizoram,Kolasib,0,0,0,0,0,0,0,0,0,0,0,0,0,0,0,0,0,0,0,0,0,0,0,0
2020-21,Mizoram,Lawngtlai,0,0,0,0,0,0,0,0,0,0,0,0,0,0,0,0,0,0,0,0,0,0,0,0
2020-21,Mizoram,Lunglei,1,0,0,0,0,1,0,0,0,0,0,0,0,0,0,0,0,0,1,0,0,0,0,1
2020-21,Mizoram,Mamit,0,0,0,0,0,0,0,0,0,0,0,0,0,0,0,0,0,0,0,0,0,0,0,0
2020-21,Mizoram,Saiha,0,0,0,0,0,0,0,0,0,0,0,0,0,0,0,0,0,0,0,0,0,0,0,0
2020-21,Mizoram,Serchhip,0,0,0,0,0,0,0,0,0,0,0,0,0,0,0,0,0,0,0,0,0,0,0,0
2020-21,Mizoram,Spl Narcotic,0,0,0,0,0,0,0,0,0,0,0,0,0,0,0,0,0,0,0,0,0,0,0,0
2020-21,Mizoram,Saitual,0,0,0,0,0,0,0,0,0,0,0,0,0,0,0,0,0,0,0,0,0,0,0,0
2020-21,Mizoram,Khawzawl,0,0,0,0,0,0,0,0,0,0,0,0,0,0,0,0,0,0,0,0,0,0,0,0
2020-21,Mizoram,Hnahthial,0,0,0,0,0,0,0,0,0,0,0,0,0,0,0,0,0,0,0,0,0,0,0,0
2020-21,Mizoram,Cyber,0,0,0,0,0,0,0,0,0,0,0,0,0,0,0,0,0,0,0,0,0,0,0,0
2020-21,Mizoram,Total Districts ,1,0,0,0,0,1,0,0,0,0,0,0,0,0,0,0,0,0,1,0,0,0,0,1
2020-21,Nagaland,Dimapur,38,2,1,1,4,34,6,0,3,0,3,3,0,0,0,0,0,0,44,2,4,1,7,37
2020-21,Nagaland,Kiphire,0,0,0,0,0,0,0,0,0,0,0,0,0,0,0,0,0,0,0,0,0,0,0,0
2020-21,Nagaland,Kohima,6,1,0,4,5,1,21,0,5,9,14,7,0,0,0,0,0,0,27,1,5,13,19,8
2020-21,Nagaland,Longleng,0,0,0,0,0,0,0,0,0,0,0,0,0,0,0,0,0,0,0,0,0,0,0,0
2020-21,Nagaland,Mokokchung,0,0,0,0,0,0,0,0,0,0,0,0,0,0,0,0,0,0,0,0,0,0,0,0
2020-21,Nagaland,Mon,0,0,0,0,0,0,0,0,0,0,0,0,0,0,0,0,0,0,0,0,0,0,0,0
2020-21,Nagaland,Peren,0,0,0,0,0,0,0,0,0,0,0,0,0,0,0,0,0,0,0,0,0,0,0,0
2020-21,Nagaland,Phek,0,0,0,0,0,0,0,0,0,0,0,0,0,0,0,0,0,0,0,0,0,0,0,0
2020-21,Nagaland,Tuensang,0,0,0,0,0,0,0,0,0,0,0,0,0,0,0,0,0,0,0,0,0,0,0,0
2020-21,Nagaland,Wokha,0,0,0,0,0,0,0,0,0,0,0,0,0,0,0,0,0,0,0,0,0,0,0,0
2020-21,Nagaland,Zunheboto,0,0,0,0,0,0,0,0,0,0,0,0,0,0,0,0,0,0,0,0,0,0,0,0
2020-21,Nagaland,Total Districts ,44,3,1,5,9,35,27,0,8,9,17,10,0,0,0,0,0,0,71,3,9,14,26,45
2020-21,Odisha,Angul,0,0,0,0,0,0,0,0,0,0,0,0,0,0,0,0,0,0,0,0,0,0,0,0
2020-21,Odisha,Balasore,0,0,0,0,0,0,0,0,0,0,0,0,0,0,0,0,0,0,0,0,0,0,0,0
2020-21,Odisha,Baragarh,0,0,0,0,0,0,0,0,0,0,0,0,0,0,0,0,0,0,0,0,0,0,0,0
2020-21,Odisha,Berhampur,0,0,0,0,0,0,0,0,0,0,0,0,0,0,0,0,0,0,0,0,0,0,0,0
2020-21,Odisha,Bhadrak,0,0,0,0,0,0,0,0,0,0,0,0,0,0,0,0,0,0,0,0,0,0,0,0
2020-21,Odisha,Bolangir,0,0,0,0,0,0,0,0,0,0,0,0,0,0,0,0,0,0,0,0,0,0,0,0
2020-21,Odisha,Boudh,0,0,0,0,0,0,0,0,0,0,0,0,0,0,0,0,0,0,0,0,0,0,0,0
2020-21,Odisha,Cuttack,0,0,0,0,0,0,0,0,0,0,0,0,0,0,0,0,0,0,0,0,0,0,0,0
2020-21,Odisha,DCP BBSR,0,0,0,0,0,0,0,0,0,0,0,0,0,0,0,0,0,0,0,0,0,0,0,0
2020-21,Odisha,DCP CTC,0,0,0,0,0,0,0,0,0,0,0,0,0,0,0,0,0,0,0,0,0,0,0,0
2020-21,Odisha,Deogarh,0,0,0,0,0,0,0,0,0,0,0,0,0,0,0,0,0,0,0,0,0,0,0,0
2020-21,Odisha,Dhenkanal,0,0,0,0,0,0,0,0,0,0,0,0,0,0,0,0,0,0,0,0,0,0,0,0
2020-21,Odisha,Gajapati,0,0,0,0,0,0,0,0,0,0,0,0,0,0,0,0,0,0,0,0,0,0,0,0
2020-21,Odisha,Ganjam,0,0,0,0,0,0,0,0,0,0,0,0,0,0,0,0,0,0,0,0,0,0,0,0
2020-21,Odisha,Jagatsinghpur,0,0,0,0,0,0,0,0,0,0,0,0,0,0,0,0,0,0,0,0,0,0,0,0
2020-21,Odisha,Jajpur,0,0,0,0,0,0,0,0,0,0,0,0,0,0,0,0,0,0,0,0,0,0,0,0
2020-21,Odisha,Jharsuguda,0,0,0,0,0,0,0,0,0,0,0,0,0,0,0,0,0,0,0,0,0,0,0,0
2020-21,Odisha,Kalahandi,0,0,0,0,0,0,0,0,0,0,0,0,0,0,0,0,0,0,0,0,0,0,0,0
2020-21,Odisha,Kandhamal,0,0,0,0,0,0,0,0,0,0,0,0,0,0,0,0,0,0,0,0,0,0,0,0
2020-21,Odisha,Kendrapara,0,0,0,0,0,0,0,0,0,0,0,0,0,0,0,0,0,0,0,0,0,0,0,0
2020-21,Odisha,Keonjhar,0,0,0,0,0,0,0,0,0,0,0,0,0,0,0,0,0,0,0,0,0,0,0,0
2020-21,Odisha,Khurda,0,0,0,0,0,0,0,0,0,0,0,0,0,0,0,0,0,0,0,0,0,0,0,0
2020-21,Odisha,Koraput,0,0,0,0,0,0,0,0,0,0,0,0,0,0,0,0,0,0,0,0,0,0,0,0
2020-21,Odisha,Malkangiri,0,0,0,0,0,0,0,0,0,0,0,0,0,0,0,0,0,0,0,0,0,0,0,0
2020-21,Odisha,Mayurbhanj,0,0,0,0,0,0,0,0,0,0,0,0,0,0,0,0,0,0,0,0,0,0,0,0
2020-21,Odisha,Nayagarh,0,0,0,0,0,0,0,0,0,0,0,0,0,0,0,0,0,0,0,0,0,0,0,0
2020-21,Odisha,Nabarangpur,0,0,0,0,0,0,0,0,0,0,0,0,0,0,0,0,0,0,0,0,0,0,0,0
2020-21,Odisha,Nuapada,0,0,0,0,0,0,0,0,0,0,0,0,0,0,0,0,0,0,0,0,0,0,0,0
2020-21,Odisha,Puri,0,0,0,0,0,0,0,0,0,0,0,0,0,0,0,0,0,0,0,0,0,0,0,0
2020-21,Odisha,Rayagada,0,0,0,0,0,0,0,0,0,0,0,0,0,0,0,0,0,0,0,0,0,0,0,0
2020-21,Odisha,Rourkela,0,0,0,0,0,0,0,0,0,0,0,0,0,0,0,0,0,0,0,0,0,0,0,0
2020-21,Odisha,Sambalpur,0,0,0,0,0,0,0,0,0,0,0,0,0,0,0,0,0,0,0,0,0,0,0,0
2020-21,Odisha,Sonepur,0,0,0,0,0,0,0,0,0,0,0,0,0,0,0,0,0,0,0,0,0,0,0,0
2020-21,Odisha,SRP(Cuttack),0,0,0,0,0,0,0,0,0,0,0,0,0,0,0,0,0,0,0,0,0,0,0,0
2020-21,Odisha,SRP(Rourkela),0,0,0,0,0,0,0,0,0,0,0,0,0,0,0,0,0,0,0,0,0,0,0,0
2020-21,Odisha,Sundargarh,0,0,0,0,0,0,0,0,0,0,0,0,0,0,0,0,0,0,0,0,0,0,0,0
2020-21,Odisha,CID CB,3449,245,96,136,477,2972,12986,569,1153,1934,3656,9330,0,0,0,0,0,0,16435,814,1249,2070,4133,12302
2020-21,Odisha,Total Districts ,3449,245,96,136,477,2972,12986,569,1153,1934,3656,9330,0,0,0,0,0,0,16435,814,1249,2070,4133,12302
2020-21,Punjab,Amritsar Rural,47,3,2,0,5,42,104,1,31,46,78,26,0,0,0,0,0,0,151,4,33,46,83,68
2020-21,Punjab,Barnala,27,0,0,0,0,27,43,0,2,1,3,40,0,0,0,0,0,0,70,0,2,1,3,67
2020-21,Punjab,Batala,39,0,0,0,0,39,35,1,0,0,1,34,0,0,0,0,0,0,74,1,0,0,1,73
2020-21,Punjab,Bathinda,23,0,0,0,0,23,19,0,0,1,1,18,0,0,0,0,0,0,42,0,0,1,1,41
2020-21,Punjab,CP Amritsar,52,0,1,5,6,46,125,1,20,51,72,53,0,0,0,0,0,0,177,1,21,56,78,99
2020-21,Punjab,CP Jalandhar,167,0,0,0,0,167,295,0,0,0,0,295,0,0,0,0,0,0,462,0,0,0,0,462
2020-21,Punjab,CP Ludhiana,64,10,13,3,26,38,112,9,30,16,55,57,0,0,0,0,0,0,176,19,43,19,81,95
2020-21,Punjab,Faridkot,1,0,0,0,0,1,24,0,2,22,24,0,0,0,0,0,0,0,25,0,2,22,24,1
2020-21,Punjab,Fatehgarh Sahib,77,4,0,1,5,72,80,10,5,6,21,59,0,0,0,0,0,0,157,14,5,7,26,131
2020-21,Punjab,Fazilka,53,1,0,3,4,49,51,3,0,10,13,38,0,0,0,0,0,0,104,4,0,13,17,87
2020-21,Punjab,Ferozepur,40,1,0,0,1,39,104,0,31,16,47,57,0,0,0,0,0,0,144,1,31,16,48,96
2020-21,Punjab,GRP,0,0,0,0,0,0,3,0,0,0,0,3,0,0,0,0,0,0,3,0,0,0,0,3
2020-21,Punjab,Gurdaspur,1,0,1,0,1,0,33,1,20,12,33,0,0,0,0,0,0,0,34,1,21,12,34,0
2020-21,Punjab,Hoshiarpur,132,1,3,1,5,127,252,3,11,37,51,201,0,0,0,0,0,0,384,4,14,38,56,328
2020-21,Punjab,Jalandhar Rural,128,4,6,6,16,112,188,10,7,7,24,164,0,0,0,0,0,0,316,14,13,13,40,276
2020-21,Punjab,Kapurthala,34,2,8,0,10,24,39,1,5,0,6,33,0,0,0,0,0,0,73,3,13,0,16,57
2020-21,Punjab,Khanna,69,8,0,1,9,60,87,7,0,9,16,71,0,0,0,0,0,0,156,15,0,10,25,131
2020-21,Punjab,Ludhiana Rural,18,0,0,1,1,17,17,0,0,0,0,17,0,0,0,0,0,0,35,0,0,1,1,34
2020-21,Punjab,Mansa,28,0,1,2,3,25,12,1,0,0,1,11,0,0,0,0,0,0,40,1,1,2,4,36
2020-21,Punjab,Moga,56,0,0,3,3,53,32,2,0,0,2,30,0,0,0,0,0,0,88,2,0,3,5,83
2020-21,Punjab,Muktsar,43,2,0,0,2,41,59,2,1,40,43,16,0,0,0,0,0,0,102,4,1,40,45,57
2020-21,Punjab,Pathankot,1,0,0,1,1,0,5,0,0,5,5,0,0,0,0,0,0,0,6,0,0,6,6,0
2020-21,Punjab,Patiala,62,13,6,1,20,42,248,8,42,72,122,126,0,0,0,0,0,0,310,21,48,73,142,168
2020-21,Punjab,Ropar,44,5,3,1,9,35,72,0,15,24,39,33,0,0,0,0,0,0,116,5,18,25,48,68
2020-21,Punjab,Sangrur,12,2,0,1,3,9,76,2,18,27,47,29,0,0,0,0,0,0,88,4,18,28,50,38
2020-21,Punjab,SAS Nagar,7,4,2,1,7,0,168,8,31,129,168,0,0,0,0,0,0,0,175,12,33,130,175,0
2020-21,Punjab,SBS Nagar,22,1,0,0,1,21,27,5,0,2,7,20,0,0,0,0,0,0,49,6,0,2,8,41
2020-21,Punjab,Tarn Taran,64,1,9,1,11,53,49,0,0,2,2,47,0,0,0,0,0,0,113,1,9,3,13,100
2020-21,Punjab,Bureau of Investigation,0,0,0,0,0,0,0,0,0,0,0,0,0,0,0,0,0,0,0,0,0,0,0,0
2020-21,Punjab,Intelligence Wing,0,0,0,0,0,0,0,0,0,0,0,0,0,0,0,0,0,0,0,0,0,0,0,0
2020-21,Punjab,NRI Wing,0,0,0,0,0,0,0,0,0,0,0,0,0,0,0,0,0,0,0,0,0,0,0,0
2020-21,Punjab,Special Task Force,0,0,0,0,0,0,0,0,0,0,0,0,0,0,0,0,0,0,0,0,0,0,0,0
2020-21,Punjab,Malerkotla,21,0,4,11,15,6,3,0,0,0,0,3,0,0,0,0,0,0,24,0,4,11,15,9
2020-21,Punjab,Total Districts ,1332,62,59,43,164,1168,2362,75,271,535,881,1481,0,0,0,0,0,0,3694,137,330,578,1045,2649
2020-21,Rajasthan,Ajmer,375,20,28,20,68,307,1129,26,64,137,227,902,0,0,0,0,0,0,1504,46,92,157,295,1209
2020-21,Rajasthan,Alwar,192,15,11,10,36,156,378,19,35,29,83,295,0,0,0,0,0,0,570,34,46,39,119,451
2020-21,Rajasthan,Banswara,109,1,2,3,6,103,546,14,55,128,197,349,0,0,0,0,0,0,655,15,57,131,203,452
2020-21,Rajasthan,Baran,108,2,0,5,7,101,506,0,15,106,121,385,0,0,0,0,0,0,614,2,15,111,128,486
2020-21,Rajasthan,Barmer,73,0,6,3,9,64,274,3,45,11,59,215,0,0,0,0,0,0,347,3,51,14,68,279
2020-21,Rajasthan,Bharatpur,103,5,7,2,14,89,183,3,3,2,8,175,0,0,0,0,0,0,286,8,10,4,22,264
2020-21,Rajasthan,Bhilwara,227,0,6,11,17,210,1064,2,24,247,273,791,0,0,0,0,0,0,1291,2,30,258,290,1001
2020-21,Rajasthan,Bikaner,167,0,0,9,9,158,420,0,0,52,52,368,0,0,0,0,0,0,587,0,0,61,61,526
2020-21,Rajasthan,Bundi,99,2,0,3,5,94,553,2,36,80,118,435,0,0,0,0,0,0,652,4,36,83,123,529
2020-21,Rajasthan,Chittorgarh,166,2,6,5,13,153,858,4,57,128,189,669,0,0,0,0,0,0,1024,6,63,133,202,822
2020-21,Rajasthan,Churu,99,0,4,16,20,79,348,0,4,48,52,296,0,0,0,0,0,0,447,0,8,64,72,375
2020-21,Rajasthan,Dausa,92,0,5,16,21,71,183,2,8,34,44,139,0,0,0,0,0,0,275,2,13,50,65,210
2020-21,Rajasthan,Dholpur,67,0,0,6,6,61,113,0,1,11,12,101,0,0,0,0,0,0,180,0,1,17,18,162
2020-21,Rajasthan,Dungarpur,75,2,2,5,9,66,596,2,71,131,204,392,0,0,0,0,0,0,671,4,73,136,213,458
2020-21,Rajasthan,GRP Ajmer,9,0,0,0,0,9,10,0,0,0,0,10,0,0,0,0,0,0,19,0,0,0,0,19
2020-21,Rajasthan,GRP Jodhpur,10,1,0,0,1,9,6,0,0,0,0,6,0,0,0,0,0,0,16,1,0,0,1,15
2020-21,Rajasthan,Ganganagar,299,5,10,7,22,277,864,3,51,84,138,726,0,0,0,0,0,0,1163,8,61,91,160,1003
2020-21,Rajasthan,Hanumangarh,137,0,1,3,4,133,471,1,12,65,78,393,0,0,0,0,0,0,608,1,13,68,82,526
2020-21,Rajasthan,Jaipur East,261,11,11,16,38,223,438,5,34,36,75,363,0,0,0,0,0,0,699,16,45,52,113,586
2020-21,Rajasthan,Jaipur North,211,6,9,7,22,189,390,4,25,52,81,309,0,0,0,0,0,0,601,10,34,59,103,498
2020-21,Rajasthan,Jaipur Rural,170,8,1,19,28,142,424,16,14,45,75,349,0,0,0,0,0,0,594,24,15,64,103,491
2020-21,Rajasthan,Jaipur South,304,6,20,23,49,255,436,2,32,51,85,351,0,0,0,0,0,0,740,8,52,74,134,606
2020-21,Rajasthan,Jaipur West,327,15,16,19,50,277,582,3,89,38,130,452,0,0,0,0,0,0,909,18,105,57,180,729
2020-21,Rajasthan,Jaisalmer,22,0,1,2,3,19,51,0,1,6,7,44,0,0,0,0,0,0,73,0,2,8,10,63
2020-21,Rajasthan,Jalore,79,0,4,7,11,68,416,1,28,46,75,341,0,0,0,0,0,0,495,1,32,53,86,409
2020-21,Rajasthan,Jhalawar,147,1,5,5,11,136,614,4,95,69,168,446,0,0,0,0,0,0,761,5,100,74,179,582
2020-21,Rajasthan,Jhunjhunu,172,4,15,9,28,144,80,6,32,42,80,0,0,0,0,0,0,0,252,10,47,51,108,144
2020-21,Rajasthan,Jodhpur East,140,4,10,3,17,123,288,2,17,25,44,244,0,0,0,0,0,0,428,6,27,28,61,367
2020-21,Rajasthan,Jodhpur West,189,0,6,12,18,171,355,0,2,57,59,296,0,0,0,0,0,0,544,0,8,69,77,467
2020-21,Rajasthan,Jodhpur Rural,65,0,1,3,4,61,215,1,15,18,34,181,0,0,0,0,0,0,280,1,16,21,38,242
2020-21,Rajasthan,Karauli,67,0,8,4,12,55,117,0,17,12,29,88,0,0,0,0,0,0,184,0,25,16,41,143
2020-21,Rajasthan,Kota City,306,7,16,21,44,262,689,3,34,76,113,576,0,0,0,0,0,0,995,10,50,97,157,838
2020-21,Rajasthan,Kota Rural,107,1,7,1,9,98,493,3,38,30,71,422,0,0,0,0,0,0,600,4,45,31,80,520
2020-21,Rajasthan,Nagaur,127,3,5,6,14,113,604,2,56,62,120,484,0,0,0,0,0,0,731,5,61,68,134,597
2020-21,Rajasthan,Pali,137,0,5,10,15,122,1042,2,45,100,147,895,0,0,0,0,0,0,1179,2,50,110,162,1017
2020-21,Rajasthan,Pratapgarh,83,0,0,3,3,80,356,0,0,94,94,262,0,0,0,0,0,0,439,0,0,97,97,342
2020-21,Rajasthan,Rajsamand,129,1,6,6,13,116,736,0,51,90,141,595,0,0,0,0,0,0,865,1,57,96,154,711
2020-21,Rajasthan,Sawai Madhopur,60,1,10,2,13,47,169,0,2,2,4,165,0,0,0,0,0,0,229,1,12,4,17,212
2020-21,Rajasthan,Sikar,188,7,15,16,38,150,685,3,20,112,135,550,0,0,0,0,0,0,873,10,35,128,173,700
2020-21,Rajasthan,Sirohi,86,2,6,5,13,73,392,0,20,51,71,321,0,0,0,0,0,0,478,2,26,56,84,394
2020-21,Rajasthan,Tonk,84,2,2,3,7,77,334,1,23,38,62,272,0,0,0,0,0,0,418,3,25,41,69,349
2020-21,Rajasthan,Udaipur,271,7,9,20,36,235,1226,14,54,183,251,975,0,0,0,0,0,0,1497,21,63,203,287,1210
2020-21,Rajasthan,Jaipur Metro,0,0,0,0,0,0,0,0,0,0,0,0,0,0,0,0,0,0,0,0,0,0,0,0
2020-21,Rajasthan,SCRB,0,0,0,0,0,0,0,0,0,0,0,0,0,0,0,0,0,0,0,0,0,0,0,0
2020-21,Rajasthan,SOG,0,0,0,0,0,0,0,0,0,0,0,0,0,0,0,0,0,0,0,0,0,0,0,0
2020-21,Rajasthan,SSB,0,0,0,0,0,0,0,0,0,0,0,0,0,0,0,0,0,0,0,0,0,0,0,0
2020-21,Rajasthan,Jaipur Crime,0,0,0,0,0,0,0,0,0,0,0,0,0,0,0,0,0,0,0,0,0,0,0,0
2020-21,Rajasthan,Bhiwadi,152,11,15,14,40,112,395,9,59,59,127,268,0,0,0,0,0,0,547,20,74,73,167,380
2020-21,Rajasthan,Total Districts ,6291,152,291,360,803,5488,20029,162,1284,2687,4133,15896,0,0,0,0,0,0,26320,314,1575,3047,4936,21384
2020-21,Sikkim,East,33,1,0,0,1,32,64,0,4,0,4,60,0,0,0,0,0,0,97,1,4,0,5,92
2020-21,Sikkim,North,2,0,0,0,0,2,3,0,0,1,1,2,0,0,0,0,0,0,5,0,0,1,1,4
2020-21,Sikkim,South,12,0,1,0,1,11,23,0,0,1,1,22,0,0,0,0,0,0,35,0,1,1,2,33
2020-21,Sikkim,West,4,0,0,0,0,4,28,0,0,0,0,28,0,0,0,0,0,0,32,0,0,0,0,32
2020-21,Sikkim,CID,0,0,0,0,0,0,0,0,0,0,0,0,0,0,0,0,0,0,0,0,0,0,0,0
2020-21,Sikkim,Total Districts ,51,1,1,0,2,49,118,0,4,2,6,112,0,0,0,0,0,0,169,1,5,2,8,161
2020-21,Tamil Nadu,Ariyalur,45,9,1,2,12,33,247,9,8,55,72,175,0,0,0,0,0,0,292,18,9,57,84,208
2020-21,Tamil Nadu,Chennai,1397,105,77,63,245,1152,2596,99,226,443,768,1828,0,0,0,0,0,0,3993,204,303,506,1013,2980
2020-21,Tamil Nadu,Coimbatore,204,13,19,13,45,159,634,22,20,167,209,425,0,0,0,0,0,0,838,35,39,180,254,584
2020-21,Tamil Nadu,Coimbatore City,185,5,10,15,30,155,368,5,25,56,86,282,0,0,0,0,0,0,553,10,35,71,116,437
2020-21,Tamil Nadu,Cuddalore,127,4,3,5,12,115,509,2,8,36,46,463,0,0,0,0,0,0,636,6,11,41,58,578
2020-21,Tamil Nadu,Dharmapuri,47,6,4,11,21,26,203,4,2,75,81,122,0,0,0,0,0,0,250,10,6,86,102,148
2020-21,Tamil Nadu,Dindigul,169,25,21,13,59,110,620,50,21,166,237,383,0,0,0,0,0,0,789,75,42,179,296,493
2020-21,Tamil Nadu,Erode,114,11,9,10,30,84,401,11,24,140,175,226,0,0,0,0,0,0,515,22,33,150,205,310
2020-21,Tamil Nadu,Kanchipuram,100,0,4,2,6,94,363,0,8,38,46,317,0,0,0,0,0,0,463,0,12,40,52,411
2020-21,Tamil Nadu,Kanyakumari,173,11,27,10,48,125,328,20,18,11,49,279,1,0,0,0,0,1,502,31,45,21,97,405
2020-21,Tamil Nadu,Karur,56,6,6,3,15,41,256,12,15,50,77,179,0,0,0,0,0,0,312,18,21,53,92,220
2020-21,Tamil Nadu,Krishnagiri,68,9,12,4,25,43,164,13,27,17,57,107,0,0,0,0,0,0,232,22,39,21,82,150
2020-21,Tamil Nadu,Madurai,173,13,18,19,50,123,504,9,15,111,135,369,0,0,0,0,0,0,677,22,33,130,185,492
2020-21,Tamil Nadu,Madurai City,217,26,12,7,45,172,479,29,21,55,105,374,0,0,0,0,0,0,696,55,33,62,150,546
2020-21,Tamil Nadu,Nagapattinam,77,21,3,4,28,49,317,16,36,6,58,259,0,0,0,0,0,0,394,37,39,10,86,308
2020-21,Tamil Nadu,Namakkal,104,11,14,8,33,71,418,13,25,88,126,292,0,0,0,0,0,0,522,24,39,96,159,363
2020-21,Tamil Nadu,Nilgiris,42,6,5,1,12,30,122,7,21,21,49,73,0,0,0,0,0,0,164,13,26,22,61,103
2020-21,Tamil Nadu,Perambalur,54,14,1,1,16,38,219,18,19,30,67,152,0,0,0,0,0,0,273,32,20,31,83,190
2020-21,Tamil Nadu,Pudukottai,125,0,7,32,39,86,468,0,35,52,87,381,0,0,0,0,0,0,593,0,42,84,126,467
2020-21,Tamil Nadu,Ramnathapuram,99,8,17,10,35,64,307,10,11,25,46,261,0,0,0,0,0,0,406,18,28,35,81,325
2020-21,Tamil Nadu,Railway Chennai,17,0,0,1,1,16,5,0,0,0,0,5,0,0,0,0,0,0,22,0,0,1,1,21
2020-21,Tamil Nadu,Railway Trichy,2,0,0,0,0,2,5,0,0,0,0,5,0,0,0,0,0,0,7,0,0,0,0,7
2020-21,Tamil Nadu,Salem,81,7,5,12,24,57,363,11,24,114,149,214,0,0,0,0,0,0,444,18,29,126,173,271
2020-21,Tamil Nadu,Salem City,151,17,19,14,50,101,359,14,20,43,77,282,1,0,1,0,1,0,511,31,40,57,128,383
2020-21,Tamil Nadu,Sivagangai,85,22,2,3,27,58,313,33,42,30,105,208,0,0,0,0,0,0,398,55,44,33,132,266
2020-21,Tamil Nadu,Thanjavur,153,33,6,4,43,110,584,26,39,114,179,405,0,0,0,0,0,0,737,59,45,118,222,515
2020-21,Tamil Nadu,Theni,111,25,5,11,41,70,369,32,28,88,148,221,0,0,0,0,0,0,480,57,33,99,189,291
2020-21,Tamil Nadu,Thirunelveli,98,14,10,9,33,65,273,7,20,63,90,183,0,0,0,0,0,0,371,21,30,72,123,248
2020-21,Tamil Nadu,Thirunelveli City,66,9,6,0,15,51,138,14,34,0,48,90,0,0,0,0,0,0,204,23,40,0,63,141
2020-21,Tamil Nadu,Thiruvallur,230,14,37,12,63,167,706,16,37,109,162,544,0,0,0,0,0,0,936,30,74,121,225,711
2020-21,Tamil Nadu,Thiruvannamalai,119,27,8,6,41,78,517,18,25,103,146,371,0,0,0,0,0,0,636,45,33,109,187,449
2020-21,Tamil Nadu,Thiruvarur,34,9,6,0,15,19,153,7,4,22,33,120,0,0,0,0,0,0,187,16,10,22,48,139
2020-21,Tamil Nadu,Thoothukudi,196,17,24,20,61,135,513,11,33,100,144,369,0,0,0,0,0,0,709,28,57,120,205,504
2020-21,Tamil Nadu,Tiruppur,119,0,8,5,13,106,313,17,97,17,131,182,0,0,0,0,0,0,432,17,105,22,144,288
2020-21,Tamil Nadu,Tiruppur City,117,1,8,5,14,103,333,0,21,61,82,251,0,0,0,0,0,0,450,1,29,66,96,354
2020-21,Tamil Nadu,Trichy,80,9,6,10,25,55,281,4,7,61,72,209,0,0,0,0,0,0,361,13,13,71,97,264
2020-21,Tamil Nadu,Trichy City,110,14,6,3,23,87,245,16,26,25,67,178,1,0,0,0,0,1,356,30,32,28,90,266
2020-21,Tamil Nadu,Vellore,82,2,4,8,14,68,339,6,14,96,116,223,0,0,0,0,0,0,421,8,18,104,130,291
2020-21,Tamil Nadu,Villupuram,150,0,11,0,11,139,529,0,28,22,50,479,0,0,0,0,0,0,679,0,39,22,61,618
2020-21,Tamil Nadu,Virudhunagar,125,16,19,11,46,79,397,11,26,116,153,244,0,0,0,0,0,0,522,27,45,127,199,323
2020-21,Tamil Nadu,Cyber Cell,0,0,0,0,0,0,0,0,0,0,0,0,0,0,0,0,0,0,0,0,0,0,0,0
2020-21,Tamil Nadu,Other Units,0,0,0,0,0,0,0,0,0,0,0,0,0,0,0,0,0,0,0,0,0,0,0,0
2020-21,Tamil Nadu,Chengalpattu,151,16,5,2,23,128,428,24,26,26,76,352,0,0,0,0,0,0,579,40,31,28,99,480
2020-21,Tamil Nadu,Kallakurichi,91,4,8,12,24,67,170,5,6,66,77,93,0,0,0,0,0,0,261,9,14,78,101,160
2020-21,Tamil Nadu,Ranipet,68,6,1,3,10,58,243,9,13,44,66,177,0,0,0,0,0,0,311,15,14,47,76,235
2020-21,Tamil Nadu,Tiruppattur,89,10,12,2,24,65,247,7,17,14,38,209,0,0,0,0,0,0,336,17,29,16,62,274
2020-21,Tamil Nadu,Tenkasi,103,19,16,2,37,66,358,29,43,57,129,229,0,0,0,0,0,0,461,48,59,59,166,295
2020-21,Tamil Nadu,Total Districts ,6204,594,502,388,1484,4720,17704,666,1215,3033,4914,12790,3,0,1,0,1,2,23911,1260,1718,3421,6399,17512
2020-21,Telangana,Cyberabad Commissionerate,1865,201,39,16,256,1609,2435,211,46,46,303,2132,0,0,0,0,0,0,4300,412,85,62,559,3741
2020-21,Telangana,Hyderabad Commissionerate,1580,48,222,0,270,1310,2169,52,399,0,451,1718,0,0,0,0,0,0,3749,100,621,0,721,3028
2020-21,Telangana,Karimnagar Commissionerate,118,15,9,2,26,92,324,8,13,39,60,264,0,0,0,0,0,0,442,23,22,41,86,356
2020-21,Telangana,Khammam Commissionerate,156,27,3,0,30,126,410,21,6,14,41,369,0,0,0,0,0,0,566,48,9,14,71,495
2020-21,Telangana,Nizamabad Commissionerate,234,30,12,4,46,188,490,46,37,46,129,361,0,0,0,0,0,0,724,76,49,50,175,549
2020-21,Telangana,Rachakonda Commissionerate,2018,0,22,200,222,1796,1440,0,69,200,269,1171,0,0,0,0,0,0,3458,0,91,400,491,2967
2020-21,Telangana,Ramagundam Commissionerate,170,16,8,2,26,144,425,22,6,2,30,395,0,0,0,0,0,0,595,38,14,4,56,539
2020-21,Telangana,Siddipet Commissionerate,203,21,5,4,30,173,399,26,18,33,77,322,0,0,0,0,0,0,602,47,23,37,107,495
2020-21,Telangana,Warangal Commissionerate,281,52,5,8,65,216,897,53,76,116,245,652,0,0,0,0,0,0,1178,105,81,124,310,868
2020-21,Telangana,Adilabad,46,7,0,2,9,37,89,6,1,2,9,80,0,0,0,0,0,0,135,13,1,4,18,117
2020-21,Telangana,Bhadradri Kothagudem,152,16,7,0,23,129,388,18,61,0,79,309,0,0,0,0,0,0,540,34,68,0,102,438
2020-21,Telangana,Jagityal,85,14,5,1,20,65,350,3,9,64,76,274,0,0,0,0,0,0,435,17,14,65,96,339
2020-21,Telangana,Jayashankar Bhupalpalli,27,0,0,4,4,23,78,0,0,4,4,74,0,0,0,0,0,0,105,0,0,8,8,97
2020-21,Telangana,Jogulamba Gadwal,50,8,4,4,16,34,119,4,7,6,17,102,0,0,0,0,0,0,169,12,11,10,33,136
2020-21,Telangana,Kamareddy ,170,9,15,15,39,131,343,10,45,55,110,233,0,0,0,0,0,0,513,19,60,70,149,364
2020-21,Telangana,Kumaram Bheem Asifabad,47,3,1,2,6,41,82,3,5,12,20,62,0,0,0,0,0,0,129,6,6,14,26,103
2020-21,Telangana,Mahabubabad,56,3,6,1,10,46,180,6,39,11,56,124,0,0,0,0,0,0,236,9,45,12,66,170
2020-21,Telangana,Mahabubnagar,145,28,8,14,50,95,358,23,7,3,33,325,0,0,0,0,0,0,503,51,15,17,83,420
2020-21,Telangana,Medak,118,14,3,1,18,100,179,11,6,12,29,150,0,0,0,0,0,0,297,25,9,13,47,250
2020-21,Telangana,Nagarkurnool,76,13,3,5,21,55,218,14,13,37,64,154,0,0,0,0,0,0,294,27,16,42,85,209
2020-21,Telangana,Nalgonda,131,14,5,6,25,106,335,19,1,22,42,293,0,0,0,0,0,0,466,33,6,28,67,399
2020-21,Telangana,Nirmal,68,0,1,6,7,61,150,5,4,7,16,134,0,0,0,0,0,0,218,5,5,13,23,195
2020-21,Telangana,Rajanna Siricilla,56,1,0,1,2,54,104,1,1,11,13,91,0,0,0,0,0,0,160,2,1,12,15,145
2020-21,Telangana,Sangareddy,256,32,10,18,60,196,512,23,25,135,183,329,0,0,0,0,0,0,768,55,35,153,243,525
2020-21,Telangana,Suryapet,127,21,2,8,31,96,282,22,5,18,45,237,0,0,0,0,0,0,409,43,7,26,76,333
2020-21,Telangana,Vikarabad,110,20,9,3,32,78,216,14,2,10,26,190,0,0,0,0,0,0,326,34,11,13,58,268
2020-21,Telangana,Wanaparthy,54,0,6,12,18,36,182,0,12,53,65,117,0,0,0,0,0,0,236,0,18,65,83,153
2020-21,Telangana,Railway Police Secunderabad,11,0,0,0,0,11,13,0,1,0,1,12,0,0,0,0,0,0,24,0,1,0,1,23
2020-21,Telangana,Mulug,21,0,4,0,4,17,71,2,8,56,66,5,0,0,0,0,0,0,92,2,12,56,70,22
2020-21,Telangana,Narayanpet,34,9,7,0,16,18,122,13,2,0,15,107,0,0,0,0,0,0,156,22,9,0,31,125
2020-21,Telangana,Total Districts ,8465,622,421,339,1382,7083,13360,636,924,1014,2574,10786,0,0,0,0,0,0,21825,1258,1345,1353,3956,17869
2020-21,Tripura,Dhalai,35,1,1,0,2,33,126,2,3,5,10,116,0,0,0,0,0,0,161,3,4,5,12,149
2020-21,Tripura,Gomati,32,0,0,0,0,32,215,0,1,9,10,205,0,0,0,0,0,0,247,0,1,9,10,237
2020-21,Tripura,GRP,0,0,0,0,0,0,0,0,0,0,0,0,0,0,0,0,0,0,0,0,0,0,0,0
2020-21,Tripura,Kowai,50,2,0,0,2,48,84,2,0,0,2,82,0,0,0,0,0,0,134,4,0,0,4,130
2020-21,Tripura,North,4,0,1,0,1,3,18,0,9,0,9,9,0,0,0,0,0,0,22,0,10,0,10,12
2020-21,Tripura,Sipahijala,30,0,1,0,1,29,79,0,9,4,13,66,0,0,0,0,0,0,109,0,10,4,14,95
2020-21,Tripura,South,69,3,5,4,12,57,163,3,4,9,16,147,0,0,0,0,0,0,232,6,9,13,28,204
2020-21,Tripura,Unakoti,27,2,1,0,3,24,78,0,8,8,16,62,0,0,0,0,0,0,105,2,9,8,19,86
2020-21,Tripura,West,177,6,4,2,12,165,433,12,18,14,44,389,0,0,0,0,0,0,610,18,22,16,56,554
2020-21,Tripura,Total Districts ,424,14,13,6,33,391,1196,19,52,49,120,1076,0,0,0,0,0,0,1620,33,65,55,153,1467
2020-21,Uttar Pradesh,Agra,306,4,23,10,37,269,366,3,15,28,46,320,0,0,0,0,0,0,672,7,38,38,83,589
2020-21,Uttar Pradesh,Aligarh,87,1,5,4,10,77,91,2,3,1,6,85,0,0,0,0,0,0,178,3,8,5,16,162
2020-21,Uttar Pradesh,Prayagraj,139,4,2,15,21,118,221,4,4,52,60,161,0,0,0,0,0,0,360,8,6,67,81,279
2020-21,Uttar Pradesh,Ambedkar Nagar,46,0,0,2,2,44,43,0,0,8,8,35,0,0,0,0,0,0,89,0,0,10,10,79
2020-21,Uttar Pradesh,Amethi,19,0,3,3,6,13,41,1,3,9,13,28,0,0,0,0,0,0,60,1,6,12,19,41
2020-21,Uttar Pradesh,Amroha,6,0,0,6,6,0,37,12,25,0,37,0,0,0,0,0,0,0,43,12,25,6,43,0
2020-21,Uttar Pradesh,Auraiya,26,2,1,6,9,17,14,0,3,11,14,0,0,0,0,0,0,0,40,2,4,17,23,17
2020-21,Uttar Pradesh,Azamgarh,138,0,0,14,14,124,268,0,0,23,23,245,0,0,0,0,0,0,406,0,0,37,37,369
2020-21,Uttar Pradesh,Badaun,57,2,2,3,7,50,79,0,0,0,0,79,0,0,0,0,0,0,136,2,2,3,7,129
2020-21,Uttar Pradesh,Baghpat,63,1,0,0,1,62,100,0,0,8,8,92,0,0,0,0,0,0,163,1,0,8,9,154
2020-21,Uttar Pradesh,Bahraich,0,0,0,0,0,0,0,0,0,0,0,0,0,0,0,0,0,0,0,0,0,0,0,0
2020-21,Uttar Pradesh,Ballia,71,6,1,1,8,63,102,0,5,19,24,78,0,0,0,0,0,0,173,6,6,20,32,141
2020-21,Uttar Pradesh,Balrampur,32,3,0,0,3,29,158,1,0,56,57,101,0,0,0,0,0,0,190,4,0,56,60,130
2020-21,Uttar Pradesh,Banda,20,5,5,9,19,1,112,17,12,36,65,47,0,0,0,0,0,0,132,22,17,45,84,48
2020-21,Uttar Pradesh,Barabanki,62,3,4,17,24,38,83,0,6,12,18,65,0,0,0,0,0,0,145,3,10,29,42,103
2020-21,Uttar Pradesh,Bareilly,57,0,3,2,5,52,110,4,31,14,49,61,0,0,0,0,0,0,167,4,34,16,54,113
2020-21,Uttar Pradesh,Basti,4,1,1,2,4,0,128,0,10,22,32,96,0,0,0,0,0,0,132,1,11,24,36,96
2020-21,Uttar Pradesh,Bijnor,87,2,2,0,4,83,122,0,4,2,6,116,0,0,0,0,0,0,209,2,6,2,10,199
2020-21,Uttar Pradesh,Bulandshahar,50,3,7,3,13,37,94,1,11,4,16,78,0,0,0,0,0,0,144,4,18,7,29,115
2020-21,Uttar Pradesh,Chandoli,51,2,3,2,7,44,70,0,1,13,14,56,0,0,0,0,0,0,121,2,4,15,21,100
2020-21,Uttar Pradesh,Chitrakoot,0,0,0,0,0,0,0,0,0,0,0,0,0,0,0,0,0,0,0,0,0,0,0,0
2020-21,Uttar Pradesh,Deoria,0,0,0,0,0,0,0,0,0,0,0,0,0,0,0,0,0,0,0,0,0,0,0,0
2020-21,Uttar Pradesh,Etah,4,1,1,2,4,0,69,0,0,7,7,62,0,0,0,0,0,0,73,1,1,9,11,62
2020-21,Uttar Pradesh,Etawah,44,2,10,6,18,26,103,1,18,16,35,68,0,0,0,0,0,0,147,3,28,22,53,94
2020-21,Uttar Pradesh,Ayodhya,47,0,5,4,9,38,62,0,1,16,17,45,0,0,0,0,0,0,109,0,6,20,26,83
2020-21,Uttar Pradesh,Fatehgarh,26,0,0,0,0,26,36,0,0,0,0,36,0,0,0,0,0,0,62,0,0,0,0,62
2020-21,Uttar Pradesh,Fatehpur,77,5,9,0,14,63,182,4,13,6,23,159,0,0,0,0,0,0,259,9,22,6,37,222
2020-21,Uttar Pradesh,Firozabad,30,4,2,12,18,12,48,6,6,10,22,26,0,0,0,0,0,0,78,10,8,22,40,38
2020-21,Uttar Pradesh,GRP,45,1,3,13,17,28,33,0,0,4,4,29,0,0,0,0,0,0,78,1,3,17,21,57
2020-21,Uttar Pradesh,Gautambudh Nagar,395,14,75,124,213,182,682,7,102,275,384,298,0,0,0,0,0,0,1077,21,177,399,597,480
2020-21,Uttar Pradesh,Ghaziabad,195,9,14,5,28,167,247,8,44,12,64,183,0,0,0,0,0,0,442,17,58,17,92,350
2020-21,Uttar Pradesh,Ghazipur,8,0,3,5,8,0,18,0,10,8,18,0,0,0,0,0,0,0,26,0,13,13,26,0
2020-21,Uttar Pradesh,Gonda,34,0,7,0,7,27,77,2,13,3,18,59,0,0,0,0,0,0,111,2,20,3,25,86
2020-21,Uttar Pradesh,Gorakhpur,0,0,0,0,0,0,0,0,0,0,0,0,0,0,0,0,0,0,0,0,0,0,0,0
2020-21,Uttar Pradesh,Hamirpur,16,0,11,2,13,3,102,0,30,33,63,39,0,0,0,0,0,0,118,0,41,35,76,42
2020-21,Uttar Pradesh,Hapur,35,0,0,2,2,33,42,0,0,6,6,36,0,0,0,0,0,0,77,0,0,8,8,69
2020-21,Uttar Pradesh,Hardoi,30,6,2,3,11,19,38,4,7,15,26,12,0,0,0,0,0,0,68,10,9,18,37,31
2020-21,Uttar Pradesh,Hathras,24,0,5,0,5,19,47,3,3,0,6,41,0,0,0,0,0,0,71,3,8,0,11,60
2020-21,Uttar Pradesh,Jalaun,24,2,0,0,2,22,83,0,11,36,47,36,0,0,0,0,0,0,107,2,11,36,49,58
2020-21,Uttar Pradesh,Jaunpur,33,1,3,1,5,28,54,0,7,5,12,42,0,0,0,0,0,0,87,1,10,6,17,70
2020-21,Uttar Pradesh,Jhansi,38,1,20,4,25,13,36,0,17,5,22,14,0,0,0,0,0,0,74,1,37,9,47,27
2020-21,Uttar Pradesh,Kannauj,39,1,4,3,8,31,80,3,14,18,35,45,0,0,0,0,0,0,119,4,18,21,43,76
2020-21,Uttar Pradesh,Kanpur Dehat,27,0,27,0,27,0,30,0,25,0,25,5,0,0,0,0,0,0,57,0,52,0,52,5
2020-21,Uttar Pradesh,Kanpur Commissionarate,184,9,16,16,41,143,166,7,12,17,36,130,0,0,0,0,0,0,350,16,28,33,77,273
2020-21,Uttar Pradesh,Kasganj,45,2,1,0,3,42,41,0,1,4,5,36,0,0,0,0,0,0,86,2,2,4,8,78
2020-21,Uttar Pradesh,Kaushambi,0,0,0,0,0,0,0,0,0,0,0,0,0,0,0,0,0,0,0,0,0,0,0,0
2020-21,Uttar Pradesh,Khiri,30,0,2,25,27,3,51,1,4,38,43,8,0,0,0,0,0,0,81,1,6,63,70,11
2020-21,Uttar Pradesh,Kushi Nagar,2,2,0,0,2,0,29,2,11,5,18,11,0,0,0,0,0,0,31,4,11,5,20,11
2020-21,Uttar Pradesh,Lalitpur,8,0,3,0,3,5,66,0,34,0,34,32,0,0,0,0,0,0,74,0,37,0,37,37
2020-21,Uttar Pradesh,Lucknow Commissionarate,0,0,0,0,0,0,0,0,0,0,0,0,0,0,0,0,0,0,0,0,0,0,0,0
2020-21,Uttar Pradesh,Maharajganj,3,1,1,0,2,1,31,0,7,2,9,22,0,0,0,0,0,0,34,1,8,2,11,23
2020-21,Uttar Pradesh,Mahoba,4,2,2,0,4,0,13,0,5,8,13,0,0,0,0,0,0,0,17,2,7,8,17,0
2020-21,Uttar Pradesh,Mainpuri,24,6,18,0,24,0,44,1,13,30,44,0,0,0,0,0,0,0,68,7,31,30,68,0
2020-21,Uttar Pradesh,Mathura,0,0,0,0,0,0,0,0,0,0,0,0,0,0,0,0,0,0,0,0,0,0,0,0
2020-21,Uttar Pradesh,Mau,25,0,6,0,6,19,40,0,6,0,6,34,0,0,0,0,0,0,65,0,12,0,12,53
2020-21,Uttar Pradesh,Meerut,110,0,0,10,10,100,109,0,0,8,8,101,0,0,0,0,0,0,219,0,0,18,18,201
2020-21,Uttar Pradesh,Mirzapur,45,2,5,4,11,34,77,1,12,4,17,60,0,0,0,0,0,0,122,3,17,8,28,94
2020-21,Uttar Pradesh,Moradabad,263,0,23,200,223,40,268,0,41,100,141,127,0,0,0,0,0,0,531,0,64,300,364,167
2020-21,Uttar Pradesh,Muzaffarnagar,0,0,0,0,0,0,0,0,0,0,0,0,0,0,0,0,0,0,0,0,0,0,0,0
2020-21,Uttar Pradesh,Pilibhit,60,0,2,0,2,58,67,0,0,2,2,65,0,0,0,0,0,0,127,0,2,2,4,123
2020-21,Uttar Pradesh,Pratapgarh,25,0,0,25,25,0,32,0,0,32,32,0,0,0,0,0,0,0,57,0,0,57,57,0
2020-21,Uttar Pradesh,Raibareilly,25,2,2,3,7,18,63,0,5,18,23,40,0,0,0,0,0,0,88,2,7,21,30,58
2020-21,Uttar Pradesh,Rampur,1,0,0,1,1,0,2,0,0,2,2,0,0,0,0,0,0,0,3,0,0,3,3,0
2020-21,Uttar Pradesh,Saharanpur,72,1,4,3,8,64,83,0,1,9,10,73,0,0,0,0,0,0,155,1,5,12,18,137
2020-21,Uttar Pradesh,Sambhal,10,0,2,0,2,8,21,0,2,1,3,18,0,0,0,0,0,0,31,0,4,1,5,26
2020-21,Uttar Pradesh,Sant Kabirnagar,27,0,3,0,3,24,66,0,0,0,0,66,0,0,0,0,0,0,93,0,3,0,3,90
2020-21,Uttar Pradesh,Shahjahanpur,94,2,1,4,7,87,87,0,1,25,26,61,0,0,0,0,0,0,181,2,2,29,33,148
2020-21,Uttar Pradesh,Shamli,51,3,3,2,8,43,40,0,0,4,4,36,0,0,0,0,0,0,91,3,3,6,12,79
2020-21,Uttar Pradesh,Shrawasti,7,0,4,3,7,0,12,1,1,4,6,6,0,0,0,0,0,0,19,1,5,7,13,6
2020-21,Uttar Pradesh,Sidharthnagar,45,1,2,3,6,39,85,0,2,7,9,76,0,0,0,0,0,0,130,1,4,10,15,115
2020-21,Uttar Pradesh,Sitapur,364,193,0,8,201,163,400,214,3,6,223,177,0,0,0,0,0,0,764,407,3,14,424,340
2020-21,Uttar Pradesh,Sonbhadra,43,1,0,2,3,40,94,2,0,12,14,80,0,0,0,0,0,0,137,3,0,14,17,120
2020-21,Uttar Pradesh,Bhadohi,64,2,11,13,26,38,15,1,5,9,15,0,0,0,0,0,0,0,79,3,16,22,41,38
2020-21,Uttar Pradesh,Sultanpur,18,0,0,3,3,15,34,1,0,8,9,25,0,0,0,0,0,0,52,1,0,11,12,40
2020-21,Uttar Pradesh,Unnao,65,5,3,3,11,54,91,4,9,15,28,63,0,0,0,0,0,0,156,9,12,18,39,117
2020-21,Uttar Pradesh,Varanasi Commissionarate,151,0,8,7,15,136,161,0,10,17,27,134,0,0,0,0,0,0,312,0,18,24,42,270
2020-21,Uttar Pradesh,Lucknow Grameen,30,0,16,0,16,14,16,0,8,8,16,0,0,0,0,0,0,0,46,0,24,8,32,14
2020-21,Uttar Pradesh,Kanpur Outer,26,0,4,6,10,16,41,0,1,4,5,36,0,0,0,0,0,0,67,0,5,10,15,52
2020-21,Uttar Pradesh,Vasanasi Dehat,7,0,2,1,3,4,15,0,3,7,10,5,0,0,0,0,0,0,22,0,5,8,13,9
2020-21,Uttar Pradesh,Total Districts ,4420,320,407,627,1354,3066,6668,318,651,1199,2168,4500,0,0,0,0,0,0,11088,638,1058,1826,3522,7566
2020-21,Uttarakhand,Almora,39,0,1,4,5,34,35,0,3,7,10,25,0,0,0,0,0,0,74,0,4,11,15,59
2020-21,Uttarakhand,Bageshwar,31,0,2,3,5,26,42,0,2,6,8,34,0,0,0,0,0,0,73,0,4,9,13,60
2020-21,Uttarakhand,Chamoli,218,0,2,5,7,211,39,1,2,5,8,31,0,0,0,0,0,0,257,1,4,10,15,242
2020-21,Uttarakhand,Champawat,31,0,0,9,9,22,32,0,0,9,9,23,0,0,0,0,0,0,63,0,0,18,18,45
2020-21,Uttarakhand,Dehradun,327,3,10,10,23,304,394,2,11,17,30,364,0,0,0,0,0,0,721,5,21,27,53,668
2020-21,Uttarakhand,Haridwar,401,3,20,40,63,338,420,0,40,41,81,339,0,0,0,0,0,0,821,3,60,81,144,677
2020-21,Uttarakhand,Nainital,186,5,10,25,40,146,242,4,35,35,74,168,0,0,0,0,0,0,428,9,45,60,114,314
2020-21,Uttarakhand,Pauri Garhwal,43,0,1,2,3,40,48,0,1,4,5,43,0,0,0,0,0,0,91,0,2,6,8,83
2020-21,Uttarakhand,Pithoragarh,21,0,2,5,7,14,31,0,7,10,17,14,0,0,0,0,0,0,52,0,9,15,24,28
2020-21,Uttarakhand,Rudra Prayag,10,0,0,0,0,10,16,1,1,0,2,14,0,0,0,0,0,0,26,1,1,0,2,24
2020-21,Uttarakhand,Tehri Garhwal,33,4,6,1,11,22,82,5,7,11,23,59,0,0,0,0,0,0,115,9,13,12,34,81
2020-21,Uttarakhand,Udhamsingh Nagar,253,4,16,32,52,201,476,13,50,70,133,343,0,0,0,0,0,0,729,17,66,102,185,544
2020-21,Uttarakhand,Uttarkashi,1,0,1,0,1,0,0,0,0,0,0,0,0,0,0,0,0,0,1,0,1,0,1,0
2020-21,Uttarakhand,GRP,0,0,0,0,0,0,0,0,0,0,0,0,0,0,0,0,0,0,0,0,0,0,0,0
2020-21,Uttarakhand,Cyber Cell,0,0,0,0,0,0,0,0,0,0,0,0,0,0,0,0,0,0,0,0,0,0,0,0
2020-21,Uttarakhand,Total Districts ,1594,19,71,136,226,1368,1857,26,159,215,400,1457,0,0,0,0,0,0,3451,45,230,351,626,2825
2020-21,West Bengal,Alipurduar,297,7,7,8,22,275,809,2,52,84,138,671,0,0,0,0,0,0,1106,9,59,92,160,946
2020-21,West Bengal,Asansol-Durgapur PC,505,2,9,3,14,491,723,2,32,48,82,641,0,0,0,0,0,0,1228,4,41,51,96,1132
2020-21,West Bengal,Bankura,330,0,2,2,4,326,742,2,48,86,136,606,0,0,0,0,0,0,1072,2,50,88,140,932
2020-21,West Bengal,Barrackpur PC,604,10,24,16,50,554,812,4,79,80,163,649,0,0,0,0,0,0,1416,14,103,96,213,1203
2020-21,West Bengal,Bidhannagar PC,329,4,7,4,15,314,523,5,44,36,85,438,0,0,0,0,0,0,852,9,51,40,100,752
2020-21,West Bengal,Birbhum,281,2,2,1,5,276,551,1,23,42,66,485,0,0,0,0,0,0,832,3,25,43,71,761
2020-21,West Bengal,Coochbehar,416,3,11,18,32,384,1375,7,114,232,353,1022,0,0,0,0,0,0,1791,10,125,250,385,1406
2020-21,West Bengal,Dakshin Dinajpur,259,2,10,16,28,231,1014,3,21,227,251,763,0,0,0,0,0,0,1273,5,31,243,279,994
2020-21,West Bengal,Darjeeling,127,1,6,10,17,110,256,5,7,10,22,234,0,0,0,0,0,0,383,6,13,20,39,344
2020-21,West Bengal,Hooghly Rural Police,386,6,4,3,13,373,1050,6,66,90,162,888,0,0,0,0,0,0,1436,12,70,93,175,1261
2020-21,West Bengal,Howrah GRP,18,2,0,0,2,16,9,0,0,1,1,8,0,0,0,0,0,0,27,2,0,1,3,24
2020-21,West Bengal,Howrah PC,784,12,28,19,59,725,1081,24,114,125,263,818,1,0,0,0,0,1,1866,36,142,144,322,1544
2020-21,West Bengal,Howrah Rural,303,9,14,8,31,272,898,10,124,126,260,638,0,0,0,0,0,0,1201,19,138,134,291,910
2020-21,West Bengal,Jalpaiguri,322,0,1,6,7,315,947,0,55,133,188,759,0,0,0,0,0,0,1269,0,56,139,195,1074
2020-21,West Bengal,Jhargram,99,0,0,0,0,99,314,1,38,36,75,239,0,0,0,0,0,0,413,1,38,36,75,338
2020-21,West Bengal,Kharagpur GRP,1,0,0,0,0,1,1,0,0,0,0,1,0,0,0,0,0,0,2,0,0,0,0,2
2020-21,West Bengal,Kolkata,1774,49,100,47,196,1578,1882,34,246,236,516,1366,0,0,0,0,0,0,3656,83,346,283,712,2944
2020-21,West Bengal,Malda,591,15,48,52,115,476,1957,18,337,438,793,1164,0,0,0,0,0,0,2548,33,385,490,908,1640
2020-21,West Bengal,Murshidabad Police District,493,0,10,13,23,470,1414,0,98,155,253,1161,0,0,0,0,0,0,1907,0,108,168,276,1631
2020-21,West Bengal,Paschim Medinipur,456,5,8,10,23,433,1621,10,220,363,593,1028,0,0,0,0,0,0,2077,15,228,373,616,1461
2020-21,West Bengal,Purab Medinipur,393,25,9,5,39,354,1629,22,265,273,560,1069,0,0,0,0,0,0,2022,47,274,278,599,1423
2020-21,West Bengal,Purulia,163,0,4,1,5,158,380,0,16,37,53,327,0,0,0,0,0,0,543,0,20,38,58,485
2020-21,West Bengal,Sealdah GRP,4,0,0,0,0,4,12,0,1,1,2,10,0,0,0,0,0,0,16,0,1,1,2,14
2020-21,West Bengal,Siliguri GRP,2,1,0,0,1,1,1,0,0,0,0,1,0,0,0,0,0,0,3,1,0,0,1,2
2020-21,West Bengal,Siliguri PC,511,21,17,27,65,446,989,22,98,125,245,744,0,0,0,0,0,0,1500,43,115,152,310,1190
2020-21,West Bengal,Baruipur Police,616,16,22,14,52,564,1895,21,203,183,407,1488,0,0,0,0,0,0,2511,37,225,197,459,2052
2020-21,West Bengal,Chandannagar PC,337,1,6,3,10,327,486,0,30,38,68,418,0,0,0,0,0,0,823,1,36,41,78,745
2020-21,West Bengal,Diamond Harbour Police,415,6,5,12,23,392,795,5,55,50,110,685,0,0,0,0,0,0,1210,11,60,62,133,1077
2020-21,West Bengal,Kalimpong,60,0,0,7,7,53,120,0,0,20,20,100,0,0,0,0,0,0,180,0,0,27,27,153
2020-21,West Bengal,Purba Bardhaman,615,6,13,5,24,591,1590,6,206,172,384,1206,0,0,0,0,0,0,2205,12,219,177,408,1797
2020-21,West Bengal,Sundarban Police,214,9,10,6,25,189,795,3,99,151,253,542,0,0,0,0,0,0,1009,12,109,157,278,731
2020-21,West Bengal,Barasat,569,34,153,214,401,168,1524,148,674,413,1235,289,0,0,0,0,0,0,2093,182,827,627,1636,457
2020-21,West Bengal,Basirhat,405,0,0,0,0,405,0,0,0,0,0,0,0,0,0,0,0,0,405,0,0,0,0,405
2020-21,West Bengal,Bangaon,26,19,0,2,21,5,347,23,90,168,281,66,0,0,0,0,0,0,373,42,90,170,302,71
2020-21,West Bengal,Islampur,207,0,8,86,94,113,390,0,19,13,32,358,0,0,0,0,0,0,597,0,27,99,126,471
2020-21,West Bengal,Jangipur Police District,28,0,1,22,23,5,143,0,63,73,136,7,0,0,0,0,0,0,171,0,64,95,159,12
2020-21,West Bengal,Krishnagar,456,2,33,23,58,398,957,4,63,148,215,742,0,0,0,0,0,0,1413,6,96,171,273,1140
2020-21,West Bengal,Raiganj,192,3,8,3,14,178,579,1,34,42,77,502,0,0,0,0,0,0,771,4,42,45,91,680
2020-21,West Bengal,Ranaghat,0,0,0,0,0,0,0,0,0,0,0,0,0,0,0,0,0,0,0,0,0,0,0,0
2020-21,West Bengal,Total Districts ,13588,272,580,666,1518,12070,30611,389,3634,4455,8478,22133,1,0,0,0,0,1,44200,661,4214,5121,9996,34204
2020-21,AN Islands,South Andaman,37,1,2,0,3,34,42,1,8,7,16,26,0,0,0,0,0,0,79,2,10,7,19,60
2020-21,AN Islands,North & Middle Andaman,9,0,1,0,1,8,13,0,0,4,4,9,0,0,0,0,0,0,22,0,1,4,5,17
2020-21,AN Islands,Nicobar,5,0,1,0,1,4,1,0,0,0,0,1,0,0,0,0,0,0,6,0,1,0,1,5
2020-21,AN Islands,Total Districts ,51,1,4,0,5,46,56,1,8,11,20,36,0,0,0,0,0,0,107,2,12,11,25,82
2020-21,Chandigarh,Chandigarh,349,13,25,9,47,302,533,14,44,75,133,400,0,0,0,0,0,0,882,27,69,84,180,702
2020-21,Chandigarh,Total Districts ,349,13,25,9,47,302,533,14,44,75,133,400,0,0,0,0,0,0,882,27,69,84,180,702
2020-21,DN Haveli and Daman Diu,D&N Haveli,23,0,2,1,3,20,57,0,3,8,11,46,0,0,0,0,0,0,80,0,5,9,14,66
2020-21,DN Haveli and Daman Diu,Daman,17,1,0,0,1,16,30,0,4,0,4,26,0,0,0,0,0,0,47,1,4,0,5,42
2020-21,DN Haveli and Daman Diu,Diu,8,0,0,0,0,8,13,0,0,0,0,13,0,0,0,0,0,0,21,0,0,0,0,21
2020-21,DN Haveli and Daman Diu,Total Districts ,48,1,2,1,4,44,100,0,7,8,15,85,0,0,0,0,0,0,148,1,9,9,19,129
2020-21,Delhi,Central,404,28,41,25,94,310,484,25,86,61,172,312,0,0,0,0,0,0,888,53,127,86,266,622
2020-21,Delhi,Crime Branch,0,0,0,0,0,0,0,0,0,0,0,0,0,0,0,0,0,0,0,0,0,0,0,0
2020-21,Delhi,East,474,29,39,21,89,385,665,16,145,60,221,444,0,0,0,0,0,0,1139,45,184,81,310,829
2020-21,Delhi,EOW,0,0,0,0,0,0,0,0,0,0,0,0,0,0,0,0,0,0,0,0,0,0,0,0
2020-21,Delhi,IGI Airport,8,0,0,0,0,8,3,0,0,0,0,3,0,0,0,0,0,0,11,0,0,0,0,11
2020-21,Delhi,Metro,6,0,0,0,0,6,3,0,0,0,0,3,0,0,0,0,0,0,9,0,0,0,0,9
2020-21,Delhi,New Delhi,75,2,18,5,25,50,62,0,7,6,13,49,0,0,0,0,0,0,137,2,25,11,38,99
2020-21,Delhi,North,435,21,46,16,83,352,526,7,67,98,172,354,0,0,0,0,0,0,961,28,113,114,255,706
2020-21,Delhi,North-East,893,48,80,36,164,729,1295,31,227,113,371,924,0,0,0,0,0,0,2188,79,307,149,535,1653
2020-21,Delhi,North-West,505,19,54,16,89,416,865,15,210,82,307,558,0,0,0,0,0,0,1370,34,264,98,396,974
2020-21,Delhi,Outer,871,22,81,47,150,721,1442,19,214,151,384,1058,0,0,0,0,0,0,2313,41,295,198,534,1779
2020-21,Delhi,RAILWAY,38,3,2,1,6,32,40,4,1,3,8,32,0,0,0,0,0,0,78,7,3,4,14,64
2020-21,Delhi,South,539,13,37,38,88,451,888,47,86,87,220,668,0,0,0,0,0,0,1427,60,123,125,308,1119
2020-21,Delhi,South-East,629,22,48,40,110,519,1019,17,190,191,398,621,0,0,0,0,0,0,1648,39,238,231,508,1140
2020-21,Delhi,South-West,450,22,33,24,79,371,828,15,129,116,260,568,0,0,0,0,0,0,1278,37,162,140,339,939
2020-21,Delhi,Spl Cell,0,0,0,0,0,0,0,0,0,0,0,0,0,0,0,0,0,0,0,0,0,0,0,0
2020-21,Delhi,SPUWAC,0,0,0,0,0,0,0,0,0,0,0,0,0,0,0,0,0,0,0,0,0,0,0,0
2020-21,Delhi,Vigilance,0,0,0,0,0,0,0,0,0,0,0,0,0,0,0,0,0,0,0,0,0,0,0,0
2020-21,Delhi,West,509,25,26,8,59,450,752,26,147,90,263,489,0,0,0,0,0,0,1261,51,173,98,322,939
2020-21,Delhi,Rohini,641,57,38,51,146,495,1004,45,146,153,344,660,0,0,0,0,0,0,1645,102,184,204,490,1155
2020-21,Delhi,Shahdara,495,18,28,10,56,439,583,8,105,46,159,424,0,0,0,0,0,0,1078,26,133,56,215,863
2020-21,Delhi,Dwarka,778,25,57,44,126,652,1255,10,151,205,366,889,0,0,0,0,0,0,2033,35,208,249,492,1541
2020-21,Delhi,Outer North,888,50,111,73,234,654,1358,42,253,221,516,842,0,0,0,0,0,0,2246,92,364,294,750,1496
2020-21,Delhi,Total Districts ,8638,404,739,455,1598,7040,13072,327,2164,1683,4174,8898,0,0,0,0,0,0,21710,731,2903,2138,5772,15938
2020-21,Ladakh,Kargil,6,0,0,0,0,6,4,0,0,0,0,4,0,0,0,0,0,0,10,0,0,0,0,10
2020-21,Ladakh,Leh,13,0,0,0,0,13,1,0,0,0,0,1,0,0,0,0,0,0,14,0,0,0,0,14
2020-21,Ladakh,Total Districts ,19,0,0,0,0,19,5,0,0,0,0,5,0,0,0,0,0,0,24,0,0,0,0,24
2020-21,Lakshadweep,Lakshadweep,0,0,0,0,0,0,0,0,0,0,0,0,0,0,0,0,0,0,0,0,0,0,0,0
2020-21,Lakshadweep,Total Districts ,0,0,0,0,0,0,0,0,0,0,0,0,0,0,0,0,0,0,0,0,0,0,0,0
2020-21,Puducherry,Karaikal,0,0,0,0,0,0,0,0,0,0,0,0,0,0,0,0,0,0,0,0,0,0,0,0
2020-21,Puducherry,Puducherry,86,4,2,4,10,76,179,9,2,14,25,154,0,0,0,0,0,0,265,13,4,18,35,230
2020-21,Puducherry,Total Districts ,86,4,2,4,10,76,179,9,2,14,25,154,0,0,0,0,0,0,265,13,4,18,35,230
