Year,State,District,Total_Male,Male_Below_5_years,Male_5 years_&_Above_Below_14_years,Male_14_years_&_Above_Below_18_years,Male_18_years_ &_Above_Below_30_years,Male_30_years_&_ Above_Below_45_years,Male_45_years_&_Above_Below_60_years,Male_60_years_&_Above,Total_Female,Female_Below_5_years,Female_5_years_&_Above_Below_14_years,Female_14_years_&_Above_Below_18_years,Female_18_years_&_Above_Below_30_years,Female_30_years_&_Above_Below_45_years,Female_45_years_&_Above_Below_60_years,Female_60_years_&_Above,Total_Transgender,Transgender_Below_5_years,Transgender_5 years & Above–Below 14  years,Transgender_14_years_&_Above_Below_18_years,Transgender_18_years_&_Above_Below_30_years,Transgender_30_years_&_Above_Below_45_years,Transgender_45_years_&_Above_Below_60_years,Transgender_60_years_&_Above,Grand_Total,Total_Below_5_years,Total_5_years_&_Above_Below_14_years,Total_14 years & Above - Below 18 years,Total_18_years_&_Above_Below_30_years,Total_30_years_&_Above_Below_45_years,Total_45_years_&_Above_Below_60_years,Total_60_years_&_Above
2019-20, Andhra Pradesh,Anantapur,209,0,10,22,78,55,29,15,869,0,5,279,499,67,13,6,0,0,0,0,0,0,0,0,1078,0,15,301,577,122,42,21
2019-20, Andhra Pradesh,Chittoor,143,6,22,9,37,36,17,16,695,11,25,226,386,37,7,3,0,0,0,0,0,0,0,0,838,17,47,235,423,73,24,19
2019-20, Andhra Pradesh,Cuddapah,167,12,20,15,48,29,24,19,415,3,16,119,227,37,11,2,0,0,0,0,0,0,0,0,582,15,36,134,275,66,35,21
2019-20, Andhra Pradesh,East Godavari,311,2,6,32,78,99,63,31,515,1,13,111,249,105,24,12,0,0,0,0,0,0,0,0,826,3,19,143,327,204,87,43
2019-20, Andhra Pradesh,Guntur,232,13,20,28,43,66,41,21,410,7,21,83,209,75,11,4,0,0,0,0,0,0,0,0,642,20,41,111,252,141,52,25
2019-20, Andhra Pradesh,Guntur Urban,151,1,11,18,43,42,22,14,281,0,7,70,160,27,8,9,0,0,0,0,0,0,0,0,432,1,18,88,203,69,30,23
2019-20, Andhra Pradesh,Krishna,199,14,15,4,61,60,29,16,333,15,18,4,238,43,10,5,0,0,0,0,0,0,0,0,532,29,33,8,299,103,39,21
2019-20, Andhra Pradesh,Kurnool,176,0,16,12,35,70,23,20,634,0,118,99,245,150,15,7,0,0,0,0,0,0,0,0,810,0,134,111,280,220,38,27
2019-20, Andhra Pradesh,Nellore,141,1,7,19,31,46,26,11,425,0,15,105,218,63,14,10,0,0,0,0,0,0,0,0,566,1,22,124,249,109,40,21
2019-20, Andhra Pradesh,Prakasham,164,15,23,15,40,36,27,8,371,3,20,62,233,45,4,4,0,0,0,0,0,0,0,0,535,18,43,77,273,81,31,12
2019-20, Andhra Pradesh,Rajahmundry,129,10,5,6,42,33,19,14,206,5,8,48,110,23,8,4,0,0,0,0,0,0,0,0,335,15,13,54,152,56,27,18
2019-20, Andhra Pradesh,Srikakulam,93,8,16,15,19,17,8,10,253,13,8,46,165,17,2,2,0,0,0,0,0,0,0,0,346,21,24,61,184,34,10,12
2019-20, Andhra Pradesh,Tirupathi Urban,68,4,9,6,15,14,11,9,236,1,14,72,117,22,7,3,0,0,0,0,0,0,0,0,304,5,23,78,132,36,18,12
2019-20, Andhra Pradesh,Vijayawada City,261,7,23,21,65,84,34,27,399,8,21,63,232,55,12,8,0,0,0,0,0,0,0,0,660,15,44,84,297,139,46,35
2019-20, Andhra Pradesh,Visakha Rural,96,3,7,7,20,29,22,8,199,3,10,47,97,33,3,6,0,0,0,0,0,0,0,0,295,6,17,54,117,62,25,14
2019-20, Andhra Pradesh,Visakhapatnam,251,1,14,22,96,55,33,30,431,4,11,39,300,60,9,8,0,0,0,0,0,0,0,0,682,5,25,61,396,115,42,38
2019-20, Andhra Pradesh,Vizianagaram,107,4,10,4,35,32,12,10,210,3,6,26,154,16,3,2,0,0,0,0,0,0,0,0,317,7,16,30,189,48,15,12
2019-20, Andhra Pradesh,West Godavari,334,20,25,17,103,81,55,33,688,16,32,129,366,94,23,28,0,0,0,0,0,0,0,0,1022,36,57,146,469,175,78,61
2019-20, Andhra Pradesh,Total Districts ,3239,121,259,273,892,887,495,312,7576,93,368,1631,4207,969,184,124,0,0,0,0,0,0,0,0,10815,214,627,1904,5099,1856,679,436
2019-20,Arunachal Pradesh,Anjaw,0,0,0,0,0,0,0,0,0,0,0,0,0,0,0,0,0,0,0,0,0,0,0,0,0,0,0,0,0,0,0,0
2019-20,Arunachal Pradesh,Changlang,0,0,0,0,0,0,0,0,0,0,0,0,0,0,0,0,0,0,0,0,0,0,0,0,0,0,0,0,0,0,0,0
2019-20,Arunachal Pradesh,Crime Branch,0,0,0,0,0,0,0,0,0,0,0,0,0,0,0,0,0,0,0,0,0,0,0,0,0,0,0,0,0,0,0,0
2019-20,Arunachal Pradesh,Dibang Valley,0,0,0,0,0,0,0,0,0,0,0,0,0,0,0,0,0,0,0,0,0,0,0,0,0,0,0,0,0,0,0,0
2019-20,Arunachal Pradesh,Kameng East,0,0,0,0,0,0,0,0,0,0,0,0,0,0,0,0,0,0,0,0,0,0,0,0,0,0,0,0,0,0,0,0
2019-20,Arunachal Pradesh,Kameng West,0,0,0,0,0,0,0,0,2,0,0,1,0,1,0,0,0,0,0,0,0,0,0,0,2,0,0,1,0,1,0,0
2019-20,Arunachal Pradesh,Kurung Kumey,0,0,0,0,0,0,0,0,0,0,0,0,0,0,0,0,0,0,0,0,0,0,0,0,0,0,0,0,0,0,0,0
2019-20,Arunachal Pradesh,Lohit,0,0,0,0,0,0,0,0,0,0,0,0,0,0,0,0,0,0,0,0,0,0,0,0,0,0,0,0,0,0,0,0
2019-20,Arunachal Pradesh,Longding,0,0,0,0,0,0,0,0,0,0,0,0,0,0,0,0,0,0,0,0,0,0,0,0,0,0,0,0,0,0,0,0
2019-20,Arunachal Pradesh,Lower Dibang Valley,0,0,0,0,0,0,0,0,0,0,0,0,0,0,0,0,0,0,0,0,0,0,0,0,0,0,0,0,0,0,0,0
2019-20,Arunachal Pradesh,Papum Pare City,5,0,0,3,0,0,2,0,4,0,0,4,0,0,0,0,0,0,0,0,0,0,0,0,9,0,0,7,0,0,2,0
2019-20,Arunachal Pradesh,Papum Pare Rural,6,1,0,1,3,1,0,0,0,0,0,0,0,0,0,0,0,0,0,0,0,0,0,0,6,1,0,1,3,1,0,0
2019-20,Arunachal Pradesh,Siang East,0,0,0,0,0,0,0,0,0,0,0,0,0,0,0,0,0,0,0,0,0,0,0,0,0,0,0,0,0,0,0,0
2019-20,Arunachal Pradesh,Siang Upper,0,0,0,0,0,0,0,0,0,0,0,0,0,0,0,0,0,0,0,0,0,0,0,0,0,0,0,0,0,0,0,0
2019-20,Arunachal Pradesh,Siang West,0,0,0,0,0,0,0,0,0,0,0,0,0,0,0,0,0,0,0,0,0,0,0,0,0,0,0,0,0,0,0,0
2019-20,Arunachal Pradesh,Subansiri Lower,0,0,0,0,0,0,0,0,0,0,0,0,0,0,0,0,0,0,0,0,0,0,0,0,0,0,0,0,0,0,0,0
2019-20,Arunachal Pradesh,Subansiri Upper,0,0,0,0,0,0,0,0,0,0,0,0,0,0,0,0,0,0,0,0,0,0,0,0,0,0,0,0,0,0,0,0
2019-20,Arunachal Pradesh,Tawang,0,0,0,0,0,0,0,0,0,0,0,0,0,0,0,0,0,0,0,0,0,0,0,0,0,0,0,0,0,0,0,0
2019-20,Arunachal Pradesh,Tirap,0,0,0,0,0,0,0,0,0,0,0,0,0,0,0,0,0,0,0,0,0,0,0,0,0,0,0,0,0,0,0,0
2019-20,Arunachal Pradesh,Namsai,0,0,0,0,0,0,0,0,3,0,0,3,0,0,0,0,0,0,0,0,0,0,0,0,3,0,0,3,0,0,0,0
2019-20,Arunachal Pradesh,Siang,0,0,0,0,0,0,0,0,0,0,0,0,0,0,0,0,0,0,0,0,0,0,0,0,0,0,0,0,0,0,0,0
2019-20,Arunachal Pradesh,Kamle,0,0,0,0,0,0,0,0,0,0,0,0,0,0,0,0,0,0,0,0,0,0,0,0,0,0,0,0,0,0,0,0
2019-20,Arunachal Pradesh,Kra Dadi,0,0,0,0,0,0,0,0,0,0,0,0,0,0,0,0,0,0,0,0,0,0,0,0,0,0,0,0,0,0,0,0
2019-20,Arunachal Pradesh,Lower Siang,0,0,0,0,0,0,0,0,0,0,0,0,0,0,0,0,0,0,0,0,0,0,0,0,0,0,0,0,0,0,0,0
2019-20,Arunachal Pradesh,Leparada,0,0,0,0,0,0,0,0,0,0,0,0,0,0,0,0,0,0,0,0,0,0,0,0,0,0,0,0,0,0,0,0
2019-20,Arunachal Pradesh,Shiyomi,0,0,0,0,0,0,0,0,0,0,0,0,0,0,0,0,0,0,0,0,0,0,0,0,0,0,0,0,0,0,0,0
2019-20,Arunachal Pradesh,Pakkessang,0,0,0,0,0,0,0,0,0,0,0,0,0,0,0,0,0,0,0,0,0,0,0,0,0,0,0,0,0,0,0,0
2019-20,Arunachal Pradesh,Total Districts ,11,1,0,4,3,1,2,0,9,0,0,8,0,1,0,0,0,0,0,0,0,0,0,0,20,1,0,12,3,2,2,0
2019-20,Assam,BIEO,0,0,0,0,0,0,0,0,0,0,0,0,0,0,0,0,0,0,0,0,0,0,0,0,0,0,0,0,0,0,0,0
2019-20,Assam,Barpeta,11,0,0,4,3,2,2,0,28,0,0,14,8,6,0,0,0,0,0,0,0,0,0,0,39,0,0,18,11,8,2,0
2019-20,Assam,Baksa,32,0,0,3,14,6,5,4,142,0,2,7,98,32,3,0,0,0,0,0,0,0,0,0,174,0,2,10,112,38,8,4
2019-20,Assam,Bongaigaon,37,0,4,4,8,15,2,4,153,0,0,1,36,42,73,1,0,0,0,0,0,0,0,0,190,0,4,5,44,57,75,5
2019-20,Assam,CID,0,0,0,0,0,0,0,0,0,0,0,0,0,0,0,0,0,0,0,0,0,0,0,0,0,0,0,0,0,0,0,0
2019-20,Assam,Cachar,83,0,45,15,10,12,1,0,136,1,56,40,30,6,3,0,0,0,0,0,0,0,0,0,219,1,101,55,40,18,4,0
2019-20,Assam,Chirang,20,0,0,1,7,8,4,0,27,0,0,6,14,7,0,0,0,0,0,0,0,0,0,0,47,0,0,7,21,15,4,0
2019-20,Assam,Darrang,19,0,0,0,7,7,5,0,46,0,1,10,18,17,0,0,0,0,0,0,0,0,0,0,65,0,1,10,25,24,5,0
2019-20,Assam,Dhemaji,32,2,9,6,9,5,0,1,59,1,1,16,21,19,1,0,0,0,0,0,0,0,0,0,91,3,10,22,30,24,1,1
2019-20,Assam,Dhubri,48,1,2,10,18,14,2,1,181,1,3,74,61,42,0,0,0,0,0,0,0,0,0,0,229,2,5,84,79,56,2,1
2019-20,Assam,Dibrugarh,2,0,2,0,0,0,0,0,6,0,5,1,0,0,0,0,0,0,0,0,0,0,0,0,8,0,7,1,0,0,0,0
2019-20,Assam,GRP,1,0,1,0,0,0,0,0,4,0,1,3,0,0,0,0,0,0,0,0,0,0,0,0,5,0,2,3,0,0,0,0
2019-20,Assam,Goalpara,0,0,0,0,0,0,0,0,0,0,0,0,0,0,0,0,0,0,0,0,0,0,0,0,0,0,0,0,0,0,0,0
2019-20,Assam,Golaghat,33,0,5,6,10,11,1,0,215,0,0,13,33,112,54,3,0,0,0,0,0,0,0,0,248,0,5,19,43,123,55,3
2019-20,Assam,Guwahati City,421,1,25,43,127,132,66,27,597,3,17,70,290,182,30,5,0,0,0,0,0,0,0,0,1018,4,42,113,417,314,96,32
2019-20,Assam,Hailakandi,26,0,1,1,7,11,5,1,126,0,0,22,68,33,2,1,0,0,0,0,0,0,0,0,152,0,1,23,75,44,7,2
2019-20,Assam,Hamren,4,0,0,0,1,2,1,0,12,0,0,1,8,3,0,0,0,0,0,0,0,0,0,0,16,0,0,1,9,5,1,0
2019-20,Assam,Jorhat,15,0,10,5,0,0,0,0,42,0,11,31,0,0,0,0,0,0,0,0,0,0,0,0,57,0,21,36,0,0,0,0
2019-20,Assam,Kamrup,79,0,1,3,27,30,10,8,194,1,4,20,68,82,18,1,0,0,0,0,0,0,0,0,273,1,5,23,95,112,28,9
2019-20,Assam,Karbi Anglong,0,0,0,0,0,0,0,0,0,0,0,0,0,0,0,0,0,0,0,0,0,0,0,0,0,0,0,0,0,0,0,0
2019-20,Assam,Karimganj,37,0,0,0,37,0,0,0,80,0,1,3,67,9,0,0,0,0,0,0,0,0,0,0,117,0,1,3,104,9,0,0
2019-20,Assam,Kokrajhar,24,0,0,3,18,3,0,0,88,0,0,35,44,9,0,0,0,0,0,0,0,0,0,0,112,0,0,38,62,12,0,0
2019-20,Assam,Lakhimpur,36,1,6,2,6,16,2,3,165,0,11,30,64,52,6,2,0,0,0,0,0,0,0,0,201,1,17,32,70,68,8,5
2019-20,Assam,Morigaon,0,0,0,0,0,0,0,0,0,0,0,0,0,0,0,0,0,0,0,0,0,0,0,0,0,0,0,0,0,0,0,0
2019-20,Assam,Dima Hasao,13,0,0,0,6,5,1,1,7,0,0,0,5,2,0,0,0,0,0,0,0,0,0,0,20,0,0,0,11,7,1,1
2019-20,Assam,Nagaon,0,0,0,0,0,0,0,0,0,0,0,0,0,0,0,0,0,0,0,0,0,0,0,0,0,0,0,0,0,0,0,0
2019-20,Assam,Nalbari,0,0,0,0,0,0,0,0,0,0,0,0,0,0,0,0,0,0,0,0,0,0,0,0,0,0,0,0,0,0,0,0
2019-20,Assam,RPO,0,0,0,0,0,0,0,0,0,0,0,0,0,0,0,0,0,0,0,0,0,0,0,0,0,0,0,0,0,0,0,0
2019-20,Assam,SOU,0,0,0,0,0,0,0,0,0,0,0,0,0,0,0,0,0,0,0,0,0,0,0,0,0,0,0,0,0,0,0,0
2019-20,Assam,STF,0,0,0,0,0,0,0,0,0,0,0,0,0,0,0,0,0,0,0,0,0,0,0,0,0,0,0,0,0,0,0,0
2019-20,Assam,Sibsagar,2,0,1,0,1,0,0,0,1,0,1,0,0,0,0,0,0,0,0,0,0,0,0,0,3,0,2,0,1,0,0,0
2019-20,Assam,Sonitpur,0,0,0,0,0,0,0,0,0,0,0,0,0,0,0,0,0,0,0,0,0,0,0,0,0,0,0,0,0,0,0,0
2019-20,Assam,Tinsukia,22,0,1,2,7,7,5,0,43,0,1,4,16,17,4,1,0,0,0,0,0,0,0,0,65,0,2,6,23,24,9,1
2019-20,Assam,Udalguri,0,0,0,0,0,0,0,0,0,0,0,0,0,0,0,0,0,0,0,0,0,0,0,0,0,0,0,0,0,0,0,0
2019-20,Assam,Sadia,29,0,2,5,3,11,8,0,39,0,1,5,15,17,0,1,0,0,0,0,0,0,0,0,68,0,3,10,18,28,8,1
2019-20,Assam,Majuli,7,0,0,3,2,1,0,1,21,1,1,10,7,1,0,1,0,0,0,0,0,0,0,0,28,1,1,13,9,2,0,2
2019-20,Assam,Biswanath,0,0,0,0,0,0,0,0,0,0,0,0,0,0,0,0,0,0,0,0,0,0,0,0,0,0,0,0,0,0,0,0
2019-20,Assam,Hojai,56,0,3,9,17,18,7,2,188,0,19,47,68,47,6,1,0,0,0,0,0,0,0,0,244,0,22,56,85,65,13,3
2019-20,Assam,South Salmara,19,0,1,1,1,16,0,0,30,1,0,4,18,7,0,0,0,0,0,0,0,0,0,0,49,1,1,5,19,23,0,0
2019-20,Assam,Charaideo,32,0,1,3,10,14,4,0,84,0,0,8,52,22,2,0,5,0,0,3,1,0,1,0,121,0,1,14,63,36,7,0
2019-20,Assam,Total Districts ,1140,5,120,129,356,346,131,53,2714,9,136,475,1109,766,202,17,5,0,0,3,1,0,1,0,3859,14,256,607,1466,1112,334,70
2019-20,Bihar,Araria,22,3,4,4,3,5,0,3,166,6,13,56,48,25,15,3,0,0,0,0,0,0,0,0,188,9,17,60,51,30,15,6
2019-20,Bihar,Arwal,8,1,3,1,3,0,0,0,17,0,3,10,3,1,0,0,0,0,0,0,0,0,0,0,25,1,6,11,6,1,0,0
2019-20,Bihar,Aurangabad,18,1,3,6,5,2,1,0,62,0,10,36,13,3,0,0,0,0,0,0,0,0,0,0,80,1,13,42,18,5,1,0
2019-20,Bihar,Bagaha,6,0,1,3,1,1,0,0,92,0,39,31,17,4,1,0,0,0,0,0,0,0,0,0,98,0,40,34,18,5,1,0
2019-20,Bihar,Banka,20,1,5,3,7,1,3,0,86,0,7,55,15,9,0,0,0,0,0,0,0,0,0,0,106,1,12,58,22,10,3,0
2019-20,Bihar,Begusarai,0,0,0,0,0,0,0,0,0,0,0,0,0,0,0,0,0,0,0,0,0,0,0,0,0,0,0,0,0,0,0,0
2019-20,Bihar,Bettiah,28,0,4,4,6,8,5,1,131,1,22,73,23,10,1,1,0,0,0,0,0,0,0,0,159,1,26,77,29,18,6,2
2019-20,Bihar,Bhabhua,11,0,1,7,2,0,1,0,62,0,9,34,14,4,1,0,0,0,0,0,0,0,0,0,73,0,10,41,16,4,2,0
2019-20,Bihar,Bhagalpur,50,2,7,12,11,12,4,2,244,1,20,136,67,17,1,2,0,0,0,0,0,0,0,0,294,3,27,148,78,29,5,4
2019-20,Bihar,Bhojpur,43,3,8,9,13,7,0,3,156,4,24,77,35,16,0,0,0,0,0,0,0,0,0,0,199,7,32,86,48,23,0,3
2019-20,Bihar,Buxar,37,4,4,11,7,6,3,2,103,2,10,35,40,15,1,0,0,0,0,0,0,0,0,0,140,6,14,46,47,21,4,2
2019-20,Bihar,Darbhanga,20,1,6,4,5,1,3,0,139,2,24,90,17,6,0,0,0,0,0,0,0,0,0,0,159,3,30,94,22,7,3,0
2019-20,Bihar,Gaya,57,6,10,15,11,11,2,2,272,0,36,120,71,34,11,0,0,0,0,0,0,0,0,0,329,6,46,135,82,45,13,2
2019-20,Bihar,Gopalganj,25,0,9,14,1,1,0,0,166,0,14,51,85,16,0,0,0,0,0,0,0,0,0,0,191,0,23,65,86,17,0,0
2019-20,Bihar,Jamalpur Railway,0,0,0,0,0,0,0,0,0,0,0,0,0,0,0,0,0,0,0,0,0,0,0,0,0,0,0,0,0,0,0,0
2019-20,Bihar,Jamui,31,0,2,5,9,13,1,1,84,0,16,29,28,9,1,1,0,0,0,0,0,0,0,0,115,0,18,34,37,22,2,2
2019-20,Bihar,Jehanabad,21,1,3,7,3,3,3,1,45,0,7,25,9,4,0,0,0,0,0,0,0,0,0,0,66,1,10,32,12,7,3,1
2019-20,Bihar,Katihar,43,0,0,0,40,3,0,0,141,0,4,51,77,9,0,0,0,0,0,0,0,0,0,0,184,0,4,51,117,12,0,0
2019-20,Bihar,Katihar Railway,0,0,0,0,0,0,0,0,0,0,0,0,0,0,0,0,0,0,0,0,0,0,0,0,0,0,0,0,0,0,0,0
2019-20,Bihar,Khagaria,47,1,2,22,17,4,1,0,66,0,5,29,26,6,0,0,0,0,0,0,0,0,0,0,113,1,7,51,43,10,1,0
2019-20,Bihar,Kishanganj,14,0,2,5,5,1,1,0,87,0,8,39,34,6,0,0,0,0,0,0,0,0,0,0,101,0,10,44,39,7,1,0
2019-20,Bihar,Lakhisarai,7,0,1,2,2,1,0,1,31,0,5,12,10,4,0,0,0,0,0,0,0,0,0,0,38,0,6,14,12,5,0,1
2019-20,Bihar,Madhepura,35,0,5,3,16,7,4,0,85,0,21,26,31,6,1,0,0,0,0,0,0,0,0,0,120,0,26,29,47,13,5,0
2019-20,Bihar,Madhubani,6,0,4,0,0,2,0,0,48,2,7,28,7,4,0,0,0,0,0,0,0,0,0,0,54,2,11,28,7,6,0,0
2019-20,Bihar,Motihari,36,3,6,8,9,7,3,0,223,5,50,118,30,18,2,0,0,0,0,0,0,0,0,0,259,8,56,126,39,25,5,0
2019-20,Bihar,Munger,31,0,8,5,7,7,3,1,125,1,18,69,30,6,0,1,0,0,0,0,0,0,0,0,156,1,26,74,37,13,3,2
2019-20,Bihar,Muzaffarpur,120,8,17,18,34,21,15,7,432,3,52,200,135,37,5,0,0,0,0,0,0,0,0,0,552,11,69,218,169,58,20,7
2019-20,Bihar,Muzaffarpur Railway,0,0,0,0,0,0,0,0,0,0,0,0,0,0,0,0,0,0,0,0,0,0,0,0,0,0,0,0,0,0,0,0
2019-20,Bihar,Nalanda,89,4,18,21,22,14,8,2,519,1,242,166,80,24,4,2,0,0,0,0,0,0,0,0,608,5,260,187,102,38,12,4
2019-20,Bihar,Naugachia,0,0,0,0,0,0,0,0,0,0,0,0,0,0,0,0,0,0,0,0,0,0,0,0,0,0,0,0,0,0,0,0
2019-20,Bihar,Nawadah,8,0,3,5,0,0,0,0,74,0,18,56,0,0,0,0,0,0,0,0,0,0,0,0,82,0,21,61,0,0,0,0
2019-20,Bihar,Patna,258,3,34,57,59,58,33,14,736,2,98,371,196,56,11,2,0,0,0,0,0,0,0,0,994,5,132,428,255,114,44,16
2019-20,Bihar,Patna Railway,3,0,1,0,0,1,1,0,2,0,0,2,0,0,0,0,0,0,0,0,0,0,0,0,5,0,1,2,0,1,1,0
2019-20,Bihar,Purnea,27,0,6,7,5,6,3,0,171,0,30,57,55,27,2,0,0,0,0,0,0,0,0,0,198,0,36,64,60,33,5,0
2019-20,Bihar,Rohtas,51,3,12,11,11,9,3,2,143,0,17,76,38,9,3,0,0,0,0,0,0,0,0,0,194,3,29,87,49,18,6,2
2019-20,Bihar,Saharsa,15,0,4,1,4,3,2,1,79,0,11,32,26,10,0,0,0,0,0,0,0,0,0,0,94,0,15,33,30,13,2,1
2019-20,Bihar,Samastipur,20,0,0,0,11,5,4,0,198,0,1,144,53,0,0,0,0,0,0,0,0,0,0,0,218,0,1,144,64,5,4,0
2019-20,Bihar,Saran,88,6,19,15,16,16,9,7,320,6,42,181,74,8,7,2,0,0,0,0,0,0,0,0,408,12,61,196,90,24,16,9
2019-20,Bihar,Sheikhpura,11,0,1,2,3,4,1,0,29,1,6,16,5,1,0,0,0,0,0,0,0,0,0,0,40,1,7,18,8,5,1,0
2019-20,Bihar,Sheohar,2,0,0,0,2,0,0,0,44,0,0,14,18,12,0,0,0,0,0,0,0,0,0,0,46,0,0,14,20,12,0,0
2019-20,Bihar,Sitamarhi,72,0,16,44,12,0,0,0,271,1,35,195,40,0,0,0,0,0,0,0,0,0,0,0,343,1,51,239,52,0,0,0
2019-20,Bihar,Siwan,25,0,8,8,3,4,1,1,160,0,20,97,36,7,0,0,0,0,0,0,0,0,0,0,185,0,28,105,39,11,1,1
2019-20,Bihar,Supaul,16,1,3,4,4,2,1,1,107,0,14,65,22,6,0,0,0,0,0,0,0,0,0,0,123,1,17,69,26,8,1,1
2019-20,Bihar,Vaishali,88,9,14,16,28,9,6,6,371,8,37,251,53,22,0,0,0,0,0,0,0,0,0,0,459,17,51,267,81,31,6,6
2019-20,Bihar,Economic Offences Unit,0,0,0,0,0,0,0,0,0,0,0,0,0,0,0,0,0,0,0,0,0,0,0,0,0,0,0,0,0,0,0,0
2019-20,Bihar,Anti Terrorist Squad,0,0,0,0,0,0,0,0,0,0,0,0,0,0,0,0,0,0,0,0,0,0,0,0,0,0,0,0,0,0,0,0
2019-20,Bihar,Total Districts ,1509,61,254,359,397,255,125,58,6287,46,995,3153,1561,451,67,14,0,0,0,0,0,0,0,0,7796,107,1249,3512,1958,706,192,72
2019-20,Chhattisgarh,Balod,105,0,1,14,33,25,20,12,280,0,3,29,176,59,9,4,0,0,0,0,0,0,0,0,385,0,4,43,209,84,29,16
2019-20,Chhattisgarh,Balodbazar,139,0,3,9,78,20,16,13,522,1,16,159,286,45,8,7,0,0,0,0,0,0,0,0,661,1,19,168,364,65,24,20
2019-20,Chhattisgarh,Balrampur,49,0,1,15,14,16,3,0,158,0,9,51,82,16,0,0,0,0,0,0,0,0,0,0,207,0,10,66,96,32,3,0
2019-20,Chhattisgarh,Bemetra,55,1,2,7,23,14,5,3,215,0,2,38,156,14,4,1,0,0,0,0,0,0,0,0,270,1,4,45,179,28,9,4
2019-20,Chhattisgarh,Bilaspur,288,1,16,16,99,112,33,11,742,1,33,154,374,139,30,11,0,0,0,0,0,0,0,0,1030,2,49,170,473,251,63,22
2019-20,Chhattisgarh,Bizapur,22,0,3,1,10,5,3,0,32,0,2,9,13,7,0,1,0,0,0,0,0,0,0,0,54,0,5,10,23,12,3,1
2019-20,Chhattisgarh,Dantewara,13,0,1,1,3,6,1,1,44,0,4,9,27,4,0,0,0,0,0,0,0,0,0,0,57,0,5,10,30,10,1,1
2019-20,Chhattisgarh,Dhamtari,114,0,0,11,48,34,12,9,357,0,3,58,238,41,14,3,0,0,0,0,0,0,0,0,471,0,3,69,286,75,26,12
2019-20,Chhattisgarh,Durg,327,0,7,34,126,89,42,29,798,0,12,149,482,126,20,9,0,0,0,0,0,0,0,0,1125,0,19,183,608,215,62,38
2019-20,Chhattisgarh,Gariyaband,47,0,0,4,28,10,4,1,185,0,0,38,127,17,0,3,0,0,0,0,0,0,0,0,232,0,0,42,155,27,4,4
2019-20,Chhattisgarh,GRP Raipur,3,0,0,0,0,2,0,1,15,0,1,3,7,4,0,0,0,0,0,0,0,0,0,0,18,0,1,3,7,6,0,1
2019-20,Chhattisgarh,Jagdalpur,72,0,2,4,34,23,5,4,222,0,4,74,118,20,4,2,0,0,0,0,0,0,0,0,294,0,6,78,152,43,9,6
2019-20,Chhattisgarh,Janjgir,138,0,10,11,47,36,27,7,526,0,11,133,286,80,13,3,0,0,0,0,0,0,0,0,664,0,21,144,333,116,40,10
2019-20,Chhattisgarh,Jashpur,43,0,0,6,13,12,7,5,190,2,11,63,81,23,6,4,0,0,0,0,0,0,0,0,233,2,11,69,94,35,13,9
2019-20,Chhattisgarh,Kabirdham,90,1,6,10,43,17,10,3,247,0,5,57,157,20,7,1,0,0,0,0,0,0,0,0,337,1,11,67,200,37,17,4
2019-20,Chhattisgarh,Kanker,58,0,0,1,26,17,11,3,212,0,2,45,133,26,2,4,0,0,0,0,0,0,0,0,270,0,2,46,159,43,13,7
2019-20,Chhattisgarh,Kondagaon,33,1,0,0,19,9,3,1,111,0,2,22,71,13,1,2,0,0,0,0,0,0,0,0,144,1,2,22,90,22,4,3
2019-20,Chhattisgarh,Korba,144,0,10,10,35,56,25,8,370,0,10,76,170,101,10,3,0,0,0,0,0,0,0,0,514,0,20,86,205,157,35,11
2019-20,Chhattisgarh,Koriya,66,0,4,4,24,18,10,6,212,0,13,36,122,32,6,3,0,0,0,0,0,0,0,0,278,0,17,40,146,50,16,9
2019-20,Chhattisgarh,Mahasamund,105,0,0,5,65,18,9,8,285,0,1,49,203,29,2,1,0,0,0,0,0,0,0,0,390,0,1,54,268,47,11,9
2019-20,Chhattisgarh,Mungali,60,0,0,8,22,13,10,7,200,0,2,48,123,20,7,0,0,0,0,0,0,0,0,0,260,0,2,56,145,33,17,7
2019-20,Chhattisgarh,Narayanpur,6,0,2,1,2,0,1,0,26,1,1,10,11,3,0,0,0,0,0,0,0,0,0,0,32,1,3,11,13,3,1,0
2019-20,Chhattisgarh,Raigarh,179,0,3,14,83,53,15,11,526,0,10,121,289,78,19,9,0,0,0,0,0,0,0,0,705,0,13,135,372,131,34,20
2019-20,Chhattisgarh,Raipur,554,0,15,31,138,210,120,40,1363,0,18,242,654,364,59,26,0,0,0,0,0,0,0,0,1917,0,33,273,792,574,179,66
2019-20,Chhattisgarh,Rajnandgaon,178,0,3,9,86,50,17,13,526,1,2,84,364,56,11,8,0,0,0,0,0,0,0,0,704,1,5,93,450,106,28,21
2019-20,Chhattisgarh,Sarguja,86,0,1,10,33,29,8,5,265,0,4,66,127,52,8,8,0,0,0,0,0,0,0,0,351,0,5,76,160,81,16,13
2019-20,Chhattisgarh,Sukma,15,1,0,3,6,1,4,0,20,0,1,5,13,1,0,0,0,0,0,0,0,0,0,0,35,1,1,8,19,2,4,0
2019-20,Chhattisgarh,Surajpur,52,0,0,8,20,14,7,3,207,0,6,47,127,23,3,1,0,0,0,0,0,0,0,0,259,0,6,55,147,37,10,4
2019-20,Chhattisgarh,Gaurela-Pendra-Marwari,132,0,4,6,62,43,13,4,257,0,1,37,168,41,5,5,0,0,0,0,0,0,0,0,389,0,5,43,230,84,18,9
2019-20,Chhattisgarh,Total Districts ,3173,5,94,253,1220,952,441,208,9113,6,189,1912,5185,1454,248,119,0,0,0,0,0,0,0,0,12286,11,283,2165,6405,2406,689,327
2019-20,Goa,North Goa,122,0,2,4,47,35,21,13,92,2,0,1,61,19,4,5,0,0,0,0,0,0,0,0,214,2,2,5,108,54,25,18
2019-20,Goa,South Goa,132,1,2,0,36,43,26,24,98,0,1,2,65,13,8,9,0,0,0,0,0,0,0,0,230,1,3,2,101,56,34,33
2019-20,Goa,CID,3,0,0,0,2,0,1,0,0,0,0,0,0,0,0,0,0,0,0,0,0,0,0,0,3,0,0,0,2,0,1,0
2019-20,Goa,Total Districts ,257,1,4,4,85,78,48,37,190,2,1,3,126,32,12,14,0,0,0,0,0,0,0,0,447,3,5,7,211,110,60,51
2019-20,Gujarat,Ahmedabad City,913,2,27,35,356,284,137,72,2134,3,40,221,1557,239,44,30,0,0,0,0,0,0,0,0,3047,5,67,256,1913,523,181,102
2019-20,Gujarat,Ahmedabad Rural,44,2,6,1,13,15,6,1,97,1,1,0,76,13,4,2,0,0,0,0,0,0,0,0,141,3,7,1,89,28,10,3
2019-20,Gujarat,Amreli,26,0,0,0,7,17,1,1,82,0,0,0,72,0,10,0,0,0,0,0,0,0,0,0,108,0,0,0,79,17,11,1
2019-20,Gujarat,Anand,108,0,0,0,38,35,23,12,267,0,0,0,225,37,4,1,0,0,0,0,0,0,0,0,375,0,0,0,263,72,27,13
2019-20,Gujarat,Arvalli,68,0,0,0,48,12,8,0,169,0,0,0,143,26,0,0,0,0,0,0,0,0,0,0,237,0,0,0,191,38,8,0
2019-20,Gujarat,Banaskantha,52,0,0,0,28,16,7,1,179,0,0,0,156,19,3,1,0,0,0,0,0,0,0,0,231,0,0,0,184,35,10,2
2019-20,Gujarat,Bharuch,156,8,9,0,51,42,32,14,231,6,8,0,188,22,4,3,0,0,0,0,0,0,0,0,387,14,17,0,239,64,36,17
2019-20,Gujarat,Bhavnagar,53,1,0,5,35,10,1,1,129,2,0,5,109,13,0,0,0,0,0,0,0,0,0,0,182,3,0,10,144,23,1,1
2019-20,Gujarat,Botad,13,0,0,1,5,7,0,0,81,0,2,14,52,11,1,1,0,0,0,0,0,0,0,0,94,0,2,15,57,18,1,1
2019-20,Gujarat,Chhotaudepur,34,1,2,0,10,13,4,4,16,0,1,2,4,4,3,2,0,0,0,0,0,0,0,0,50,1,3,2,14,17,7,6
2019-20,Gujarat,CID Crime,0,0,0,0,0,0,0,0,0,0,0,0,0,0,0,0,0,0,0,0,0,0,0,0,0,0,0,0,0,0,0,0
2019-20,Gujarat,Dahod,14,0,1,0,8,3,1,1,182,4,11,114,45,7,1,0,0,0,0,0,0,0,0,0,196,4,12,114,53,10,2,1
2019-20,Gujarat,Dang,0,0,0,0,0,0,0,0,0,0,0,0,0,0,0,0,0,0,0,0,0,0,0,0,0,0,0,0,0,0,0,0
2019-20,Gujarat,Devbhumi Dwarka,26,1,0,0,11,9,4,1,45,0,0,0,44,1,0,0,0,0,0,0,0,0,0,0,71,1,0,0,55,10,4,1
2019-20,Gujarat,Gandhinagar,132,12,6,1,62,27,15,9,247,8,4,0,200,26,7,2,0,0,0,0,0,0,0,0,379,20,10,1,262,53,22,11
2019-20,Gujarat,Gir Somnath,15,2,0,1,6,4,2,0,59,3,6,27,20,3,0,0,0,0,0,0,0,0,0,0,74,5,6,28,26,7,2,0
2019-20,Gujarat,Jamnagar,59,2,4,0,30,9,5,9,153,3,3,0,118,24,3,2,0,0,0,0,0,0,0,0,212,5,7,0,148,33,8,11
2019-20,Gujarat,Junagadh,27,0,2,0,10,7,6,2,36,0,1,0,22,7,6,0,0,0,0,0,0,0,0,0,63,0,3,0,32,14,12,2
2019-20,Gujarat,Kachchh East(G),94,0,1,4,38,31,17,3,246,0,13,44,126,59,4,0,0,0,0,0,0,0,0,0,340,0,14,48,164,90,21,3
2019-20,Gujarat,Kachchh West(B),73,0,1,0,29,28,10,5,212,0,5,32,149,20,5,1,0,0,0,0,0,0,0,0,285,0,6,32,178,48,15,6
2019-20,Gujarat,Kheda,31,0,0,0,11,9,7,4,91,0,0,0,69,17,5,0,0,0,0,0,0,0,0,0,122,0,0,0,80,26,12,4
2019-20,Gujarat,Mahisagar,17,1,2,0,6,3,3,2,36,2,0,1,23,9,1,0,0,0,0,0,0,0,0,0,53,3,2,1,29,12,4,2
2019-20,Gujarat,Mehsana,87,1,0,0,48,22,13,3,296,1,0,0,255,33,4,3,0,0,0,0,0,0,0,0,383,2,0,0,303,55,17,6
2019-20,Gujarat,Morbi,21,0,0,0,6,9,4,2,43,0,0,0,40,3,0,0,0,0,0,0,0,0,0,0,64,0,0,0,46,12,4,2
2019-20,Gujarat,Narmada,11,2,0,0,4,4,1,0,15,0,1,0,9,4,1,0,0,0,0,0,0,0,0,0,26,2,1,0,13,8,2,0
2019-20,Gujarat,Navsari,65,2,1,0,17,20,9,16,94,5,1,1,65,16,2,4,0,0,0,0,0,0,0,0,159,7,2,1,82,36,11,20
2019-20,Gujarat,Panchmahal,50,7,1,0,23,12,5,2,82,3,1,0,63,12,2,1,0,0,0,0,0,0,0,0,132,10,2,0,86,24,7,3
2019-20,Gujarat,Patan,55,1,1,0,24,21,7,1,215,0,2,0,183,23,6,1,0,0,0,0,0,0,0,0,270,1,3,0,207,44,13,2
2019-20,Gujarat,Porbandar,27,1,2,1,7,11,2,3,54,2,0,0,49,3,0,0,0,0,0,0,0,0,0,0,81,3,2,1,56,14,2,3
2019-20,Gujarat,Rajkot City,204,0,0,0,55,89,42,18,390,0,0,0,267,93,19,11,0,0,0,0,0,0,0,0,594,0,0,0,322,182,61,29
2019-20,Gujarat,Rajkot Rural,66,0,2,3,24,23,10,4,295,1,21,61,175,29,5,3,0,0,0,0,0,0,0,0,361,1,23,64,199,52,15,7
2019-20,Gujarat,Sabarkantha,39,0,2,0,22,13,2,0,165,0,0,10,130,22,1,2,0,0,0,0,0,0,0,0,204,0,2,10,152,35,3,2
2019-20,Gujarat,Surat City,750,42,42,10,332,186,90,48,1215,56,38,32,901,159,18,11,0,0,0,0,0,0,0,0,1965,98,80,42,1233,345,108,59
2019-20,Gujarat,Surat Rural,68,6,1,0,21,26,11,3,89,1,4,1,66,14,1,2,0,0,0,0,0,0,0,0,157,7,5,1,87,40,12,5
2019-20,Gujarat,Surendranagar,22,1,0,0,12,7,2,0,46,0,3,0,36,7,0,0,0,0,0,0,0,0,0,0,68,1,3,0,48,14,2,0
2019-20,Gujarat,Tapi,21,0,0,0,6,7,8,0,26,3,0,0,18,5,0,0,0,0,0,0,0,0,0,0,47,3,0,0,24,12,8,0
2019-20,Gujarat,Vadodara City,195,0,5,8,35,58,58,31,400,3,9,62,176,119,24,7,1,0,0,0,1,0,0,0,596,3,14,70,212,177,82,38
2019-20,Gujarat,Vadodara Rural,56,0,0,0,19,26,9,2,92,0,0,0,74,13,5,0,0,0,0,0,0,0,0,0,148,0,0,0,93,39,14,2
2019-20,Gujarat,Valsad,61,4,1,1,18,24,8,5,72,5,0,0,57,8,1,1,0,0,0,0,0,0,0,0,133,9,1,1,75,32,9,6
2019-20,Gujarat,W.Rly Ahmedabad,1,0,0,0,1,0,0,0,2,0,0,0,2,0,0,0,0,0,0,0,0,0,0,0,3,0,0,0,3,0,0,0
2019-20,Gujarat,W.Rly Vadodara,4,0,0,0,1,3,0,0,7,0,0,1,5,0,0,1,0,0,0,0,0,0,0,0,11,0,0,1,6,3,0,1
2019-20,Gujarat,Cyber Ahmedabad Range,0,0,0,0,0,0,0,0,0,0,0,0,0,0,0,0,0,0,0,0,0,0,0,0,0,0,0,0,0,0,0,0
2019-20,Gujarat,Cyber Bhavnagar Range,0,0,0,0,0,0,0,0,0,0,0,0,0,0,0,0,0,0,0,0,0,0,0,0,0,0,0,0,0,0,0,0
2019-20,Gujarat,Cyber Border Range,0,0,0,0,0,0,0,0,0,0,0,0,0,0,0,0,0,0,0,0,0,0,0,0,0,0,0,0,0,0,0,0
2019-20,Gujarat,Cyber Gandhinagar Range,0,0,0,0,0,0,0,0,0,0,0,0,0,0,0,0,0,0,0,0,0,0,0,0,0,0,0,0,0,0,0,0
2019-20,Gujarat,Cyber Junagadh Range,0,0,0,0,0,0,0,0,0,0,0,0,0,0,0,0,0,0,0,0,0,0,0,0,0,0,0,0,0,0,0,0
2019-20,Gujarat,Cyber Panchmahal Range,0,0,0,0,0,0,0,0,0,0,0,0,0,0,0,0,0,0,0,0,0,0,0,0,0,0,0,0,0,0,0,0
2019-20,Gujarat,Cyber Rajkot Range,0,0,0,0,0,0,0,0,0,0,0,0,0,0,0,0,0,0,0,0,0,0,0,0,0,0,0,0,0,0,0,0
2019-20,Gujarat,Cyber Surat Range,0,0,0,0,0,0,0,0,0,0,0,0,0,0,0,0,0,0,0,0,0,0,0,0,0,0,0,0,0,0,0,0
2019-20,Gujarat,Cyber Vadodara Range,0,0,0,0,0,0,0,0,0,0,0,0,0,0,0,0,0,0,0,0,0,0,0,0,0,0,0,0,0,0,0,0
2019-20,Gujarat,Total Districts ,3758,99,119,71,1477,1142,570,280,8290,112,175,628,5969,1120,194,92,1,0,0,0,1,0,0,0,12049,211,294,699,7447,2262,764,372
2019-20,Haryana,Ambala,173,4,6,2,73,48,24,16,230,4,5,7,169,38,4,3,0,0,0,0,0,0,0,0,403,8,11,9,242,86,28,19
2019-20,Haryana,Bhiwani,138,9,9,21,57,24,13,5,305,6,8,34,216,38,3,0,0,0,0,0,0,0,0,0,443,15,17,55,273,62,16,5
2019-20,Haryana,Faridabad,426,25,29,18,187,101,40,26,660,20,22,13,478,109,12,6,0,0,0,0,0,0,0,0,1086,45,51,31,665,210,52,32
2019-20,Haryana,Fatehabad,101,7,11,9,32,33,6,3,250,13,5,9,175,46,2,0,0,0,0,0,0,0,0,0,351,20,16,18,207,79,8,3
2019-20,Haryana,GRP,3,0,0,0,2,1,0,0,7,0,0,1,2,4,0,0,0,0,0,0,0,0,0,0,10,0,0,1,4,5,0,0
2019-20,Haryana,Gurugram,174,0,7,18,45,68,29,7,342,2,13,106,146,70,3,2,0,0,0,0,0,0,0,0,516,2,20,124,191,138,32,9
2019-20,Haryana,Hissar,135,0,6,20,48,42,17,2,417,0,6,51,298,56,6,0,0,0,0,0,0,0,0,0,552,0,12,71,346,98,23,2
2019-20,Haryana,Jhajjar,143,0,6,16,75,39,5,2,259,0,1,22,119,107,7,3,0,0,0,0,0,0,0,0,402,0,7,38,194,146,12,5
2019-20,Haryana,Jind,149,8,8,22,45,33,26,7,283,9,9,47,177,36,2,3,0,0,0,0,0,0,0,0,432,17,17,69,222,69,28,10
2019-20,Haryana,Kaithal,121,2,5,13,45,28,21,7,126,5,1,7,79,26,6,2,0,0,0,0,0,0,0,0,247,7,6,20,124,54,27,9
2019-20,Haryana,Karnal,109,0,4,11,34,33,18,9,132,2,3,12,73,37,4,1,0,0,0,0,0,0,0,0,241,2,7,23,107,70,22,10
2019-20,Haryana,Kurukshetra,188,5,4,1,100,70,7,1,288,4,7,41,120,111,5,0,0,0,0,0,0,0,0,0,476,9,11,42,220,181,12,1
2019-20,Haryana,Mahendergarh,69,8,5,11,23,13,5,4,237,9,4,29,169,25,1,0,0,0,0,0,0,0,0,0,306,17,9,40,192,38,6,4
2019-20,Haryana,Nuh,40,3,5,4,18,6,2,2,55,1,7,3,27,17,0,0,0,0,0,0,0,0,0,0,95,4,12,7,45,23,2,2
2019-20,Haryana,Palwal,97,2,6,13,42,21,9,4,194,4,6,48,116,17,2,1,0,0,0,0,0,0,0,0,291,6,12,61,158,38,11,5
2019-20,Haryana,Panchkula,69,0,2,9,22,22,8,6,210,0,3,38,148,19,2,0,0,0,0,0,0,0,0,0,279,0,5,47,170,41,10,6
2019-20,Haryana,Panipat,286,11,23,33,77,82,44,16,479,13,31,169,139,98,26,3,0,0,0,0,0,0,0,0,765,24,54,202,216,180,70,19
2019-20,Haryana,Rewari,147,7,13,16,53,35,15,8,315,9,15,46,200,41,1,3,0,0,0,0,0,0,0,0,462,16,28,62,253,76,16,11
2019-20,Haryana,Rohtak,272,0,7,30,116,75,33,11,403,0,5,45,284,53,12,4,0,0,0,0,0,0,0,0,675,0,12,75,400,128,45,15
2019-20,Haryana,Sirsa,111,0,6,12,38,37,10,8,444,0,8,87,292,50,4,3,0,0,0,0,0,0,0,0,555,0,14,99,330,87,14,11
2019-20,Haryana,Sonipat,232,5,18,39,79,51,22,18,435,4,7,67,276,67,6,8,0,0,0,0,0,0,0,0,667,9,25,106,355,118,28,26
2019-20,Haryana,Yamunanagar,220,9,15,23,71,60,29,13,369,7,18,47,220,64,8,5,0,0,0,0,0,0,0,0,589,16,33,70,291,124,37,18
2019-20,Haryana,Irrigation & Power,0,0,0,0,0,0,0,0,0,0,0,0,0,0,0,0,0,0,0,0,0,0,0,0,0,0,0,0,0,0,0,0
2019-20,Haryana,Charkhi Dadri,41,0,3,5,9,12,8,4,111,0,1,8,80,21,1,0,0,0,0,0,0,0,0,0,152,0,4,13,89,33,9,4
2019-20,Haryana,Hansi,62,0,3,5,27,20,7,0,147,0,0,13,115,15,3,1,0,0,0,0,0,0,0,0,209,0,3,18,142,35,10,1
2019-20,Haryana,Total Districts ,3506,105,201,351,1318,954,398,179,6698,112,185,950,4118,1165,120,48,0,0,0,0,0,0,0,0,10204,217,386,1301,5436,2119,518,227
2019-20,Himachal Pradesh,Baddi,41,0,5,1,20,10,3,2,204,0,5,15,170,11,3,0,0,0,0,0,0,0,0,0,245,0,10,16,190,21,6,2
2019-20,Himachal Pradesh,Bilaspur,41,0,1,2,13,12,10,3,126,0,1,20,84,19,1,1,0,0,0,0,0,0,0,0,167,0,2,22,97,31,11,4
2019-20,Himachal Pradesh,Chamba,35,0,0,1,12,15,5,2,65,0,0,16,37,12,0,0,0,0,0,0,0,0,0,0,100,0,0,17,49,27,5,2
2019-20,Himachal Pradesh,CID,0,0,0,0,0,0,0,0,0,0,0,0,0,0,0,0,0,0,0,0,0,0,0,0,0,0,0,0,0,0,0,0
2019-20,Himachal Pradesh,GRP,0,0,0,0,0,0,0,0,0,0,0,0,0,0,0,0,0,0,0,0,0,0,0,0,0,0,0,0,0,0,0,0
2019-20,Himachal Pradesh,Hamirpur,37,0,4,1,11,11,9,1,70,0,0,7,48,11,2,2,0,0,0,0,0,0,0,0,107,0,4,8,59,22,11,3
2019-20,Himachal Pradesh,Kangra,48,0,1,2,22,10,8,5,75,0,0,5,58,11,1,0,0,0,0,0,0,0,0,0,123,0,1,7,80,21,9,5
2019-20,Himachal Pradesh,Kinnaur,22,0,1,0,9,8,3,1,27,0,0,6,11,7,1,2,0,0,0,0,0,0,0,0,49,0,1,6,20,15,4,3
2019-20,Himachal Pradesh,Kullu,42,0,4,3,15,13,2,5,66,0,0,10,31,18,3,4,0,0,0,0,0,0,0,0,108,0,4,13,46,31,5,9
2019-20,Himachal Pradesh,Lahaul & Spiti,3,0,0,0,2,0,0,1,5,0,0,0,3,1,0,1,0,0,0,0,0,0,0,0,8,0,0,0,5,1,0,2
2019-20,Himachal Pradesh,Mandi,76,0,3,8,25,24,10,6,222,0,2,54,125,36,5,0,0,0,0,0,0,0,0,0,298,0,5,62,150,60,15,6
2019-20,Himachal Pradesh,Shimla,18,0,8,8,1,1,0,0,53,0,12,34,6,1,0,0,0,0,0,0,0,0,0,0,71,0,20,42,7,2,0,0
2019-20,Himachal Pradesh,Sirmaur,43,1,3,1,16,10,9,3,90,2,3,10,54,19,2,0,0,0,0,0,0,0,0,0,133,3,6,11,70,29,11,3
2019-20,Himachal Pradesh,Solan,25,0,0,4,9,7,5,0,74,0,3,14,41,14,2,0,0,0,0,0,0,0,0,0,99,0,3,18,50,21,7,0
2019-20,Himachal Pradesh,Una,16,0,1,0,2,10,3,0,18,0,1,5,7,5,0,0,0,0,0,0,0,0,0,0,34,0,2,5,9,15,3,0
2019-20,Himachal Pradesh,Cyber,0,0,0,0,0,0,0,0,0,0,0,0,0,0,0,0,0,0,0,0,0,0,0,0,0,0,0,0,0,0,0,0
2019-20,Himachal Pradesh,Total Districts ,447,1,31,31,157,131,67,29,1095,2,27,196,675,165,20,10,0,0,0,0,0,0,0,0,1542,3,58,227,832,296,87,39
2019-20,Kashmir,Anantnag,39,0,0,0,28,5,4,2,53,0,0,16,27,10,0,0,0,0,0,0,0,0,0,0,92,0,0,16,55,15,4,2
2019-20,Kashmir,Awantipora,38,0,0,0,34,3,1,0,5,0,0,0,3,2,0,0,0,0,0,0,0,0,0,0,43,0,0,0,37,5,1,0
2019-20,Kashmir,Bandipora,18,0,0,5,6,6,1,0,16,0,0,2,10,3,0,1,0,0,0,0,0,0,0,0,34,0,0,7,16,9,1,1
2019-20,Kashmir,Baramulla,0,0,0,0,0,0,0,0,67,0,5,25,37,0,0,0,0,0,0,0,0,0,0,0,67,0,5,25,37,0,0,0
2019-20,Kashmir,Budgam,21,0,1,0,16,2,2,0,33,0,0,0,25,8,0,0,0,0,0,0,0,0,0,0,54,0,1,0,41,10,2,0
2019-20,Kashmir,Crime Jammu,0,0,0,0,0,0,0,0,0,0,0,0,0,0,0,0,0,0,0,0,0,0,0,0,0,0,0,0,0,0,0,0
2019-20,Kashmir,Crime Srinagar,0,0,0,0,0,0,0,0,0,0,0,0,0,0,0,0,0,0,0,0,0,0,0,0,0,0,0,0,0,0,0,0
2019-20,Kashmir,Doda,25,0,0,2,10,9,4,0,68,0,0,0,38,20,10,0,0,0,0,0,0,0,0,0,93,0,0,2,48,29,14,0
2019-20,Kashmir,Ganderbal,25,1,0,1,15,5,3,0,39,0,0,0,24,13,2,0,0,0,0,0,0,0,0,0,64,1,0,1,39,18,5,0
2019-20,Kashmir,Handwara,8,0,1,0,7,0,0,0,15,0,1,4,8,2,0,0,0,0,0,0,0,0,0,0,23,0,2,4,15,2,0,0
2019-20,Kashmir,Jammu,136,0,0,0,65,32,36,3,257,0,0,0,202,33,22,0,0,0,0,0,0,0,0,0,393,0,0,0,267,65,58,3
2019-20,Kashmir,Kathua,41,1,4,1,14,16,5,0,162,3,5,19,89,44,2,0,0,0,0,0,0,0,0,0,203,4,9,20,103,60,7,0
2019-20,Kashmir,Kishtwar,4,0,0,0,2,1,1,0,34,0,0,0,29,3,1,1,0,0,0,0,0,0,0,0,38,0,0,0,31,4,2,1
2019-20,Kashmir,Kulgam,35,0,0,1,31,1,2,0,18,0,0,4,12,2,0,0,0,0,0,0,0,0,0,0,53,0,0,5,43,3,2,0
2019-20,Kashmir,Kupwara,19,0,1,1,9,5,2,1,52,0,0,5,33,10,3,1,0,0,0,0,0,0,0,0,71,0,1,6,42,15,5,2
2019-20,Kashmir,Poonch,14,1,0,2,7,4,0,0,77,1,3,12,50,11,0,0,0,0,0,0,0,0,0,0,91,2,3,14,57,15,0,0
2019-20,Kashmir,Pulwama,18,0,0,0,14,2,2,0,10,0,0,0,6,2,2,0,0,0,0,0,0,0,0,0,28,0,0,0,20,4,4,0
2019-20,Kashmir,Railways Jammu,1,0,0,0,0,1,0,0,0,0,0,0,0,0,0,0,0,0,0,0,0,0,0,0,1,0,0,0,0,1,0,0
2019-20,Kashmir,Railways Kashmir,0,0,0,0,0,0,0,0,0,0,0,0,0,0,0,0,0,0,0,0,0,0,0,0,0,0,0,0,0,0,0,0
2019-20,Kashmir,Railways Katra,0,0,0,0,0,0,0,0,0,0,0,0,0,0,0,0,0,0,0,0,0,0,0,0,0,0,0,0,0,0,0,0
2019-20,Kashmir,Rajouri,15,0,1,4,7,3,0,0,80,0,1,5,61,11,2,0,0,0,0,0,0,0,0,0,95,0,2,9,68,14,2,0
2019-20,Kashmir,Ramban,8,0,0,0,3,2,1,2,40,0,0,1,28,11,0,0,0,0,0,0,0,0,0,0,48,0,0,1,31,13,1,2
2019-20,Kashmir,Reasi,11,0,0,0,7,3,1,0,60,0,0,0,44,15,1,0,0,0,0,0,0,0,0,0,71,0,0,0,51,18,2,0
2019-20,Kashmir,Samba,35,0,2,0,20,5,5,3,43,1,0,4,24,10,3,1,0,0,0,0,0,0,0,0,78,1,2,4,44,15,8,4
2019-20,Kashmir,Shopian,43,0,0,10,28,5,0,0,33,0,0,8,20,5,0,0,0,0,0,0,0,0,0,0,76,0,0,18,48,10,0,0
2019-20,Kashmir,Sopore,21,0,0,6,12,3,0,0,67,0,0,22,35,10,0,0,0,0,0,0,0,0,0,0,88,0,0,28,47,13,0,0
2019-20,Kashmir,Srinagar,105,0,4,0,49,29,13,10,102,0,5,0,54,29,11,3,0,0,0,0,0,0,0,0,207,0,9,0,103,58,24,13
2019-20,Kashmir,Udhampur,36,5,2,6,11,6,4,2,73,2,3,10,45,9,4,0,0,0,0,0,0,0,0,0,109,7,5,16,56,15,8,2
2019-20,Kashmir,Total Districts ,716,8,16,39,395,148,87,23,1404,7,23,137,904,263,63,7,0,0,0,0,0,0,0,0,2120,15,39,176,1299,411,150,30
2019-20,Jharkhand,Bokaro,11,0,0,11,0,0,0,0,14,0,0,14,0,0,0,0,0,0,0,0,0,0,0,0,25,0,0,25,0,0,0,0
2019-20,Jharkhand,Chaibasa,0,0,0,0,0,0,0,0,2,0,0,2,0,0,0,0,0,0,0,0,0,0,0,0,2,0,0,2,0,0,0,0
2019-20,Jharkhand,Chatra,17,0,7,2,2,3,1,2,20,0,0,6,10,3,0,1,0,0,0,0,0,0,0,0,37,0,7,8,12,6,1,3
2019-20,Jharkhand,Deoghar,11,0,3,3,4,0,0,1,5,0,0,1,2,2,0,0,0,0,0,0,0,0,0,0,16,0,3,4,6,2,0,1
2019-20,Jharkhand,Dhanbad,3,0,0,1,1,1,0,0,2,0,0,1,1,0,0,0,0,0,0,0,0,0,0,0,5,0,0,2,2,1,0,0
2019-20,Jharkhand,Dhanbad Railway,5,1,0,1,1,2,0,0,1,0,0,0,1,0,0,0,0,0,0,0,0,0,0,0,6,1,0,1,2,2,0,0
2019-20,Jharkhand,Dumka,15,0,5,6,2,1,1,0,16,0,2,7,5,2,0,0,0,0,0,0,0,0,0,0,31,0,7,13,7,3,1,0
2019-20,Jharkhand,Garhwa,5,0,1,4,0,0,0,0,19,0,0,19,0,0,0,0,0,0,0,0,0,0,0,0,24,0,1,23,0,0,0,0
2019-20,Jharkhand,Giridih,0,0,0,0,0,0,0,0,0,0,0,0,0,0,0,0,0,0,0,0,0,0,0,0,0,0,0,0,0,0,0,0
2019-20,Jharkhand,Godda,1,0,0,1,0,0,0,0,2,0,0,2,0,0,0,0,0,0,0,0,0,0,0,0,3,0,0,3,0,0,0,0
2019-20,Jharkhand,Gumla,4,0,0,4,0,0,0,0,4,0,0,2,2,0,0,0,0,0,0,0,0,0,0,0,8,0,0,6,2,0,0,0
2019-20,Jharkhand,Hazaribagh,26,0,2,8,7,7,1,1,49,0,0,15,28,4,2,0,0,0,0,0,0,0,0,0,75,0,2,23,35,11,3,1
2019-20,Jharkhand,Jamshedpur,37,0,3,2,14,14,4,0,39,0,2,4,19,11,1,2,0,0,0,0,0,0,0,0,76,0,5,6,33,25,5,2
2019-20,Jharkhand,Jamshedpur Railway,5,0,0,0,1,3,1,0,2,0,0,0,1,1,0,0,0,0,0,0,0,0,0,0,7,0,0,0,2,4,1,0
2019-20,Jharkhand,Jamtara,14,0,3,11,0,0,0,0,21,0,5,16,0,0,0,0,0,0,0,0,0,0,0,0,35,0,8,27,0,0,0,0
2019-20,Jharkhand,Khunti,7,0,3,2,2,0,0,0,13,0,3,7,3,0,0,0,0,0,0,0,0,0,0,0,20,0,6,9,5,0,0,0
2019-20,Jharkhand,Koderma,0,0,0,0,0,0,0,0,0,0,0,0,0,0,0,0,0,0,0,0,0,0,0,0,0,0,0,0,0,0,0,0
2019-20,Jharkhand,Latehar,8,0,1,2,2,2,1,0,9,1,0,5,0,1,1,1,0,0,0,0,0,0,0,0,17,1,1,7,2,3,2,1
2019-20,Jharkhand,Lohardagga,7,0,4,3,0,0,0,0,25,0,11,14,0,0,0,0,0,0,0,0,0,0,0,0,32,0,15,17,0,0,0,0
2019-20,Jharkhand,Pakur,0,0,0,0,0,0,0,0,1,0,0,1,0,0,0,0,0,0,0,0,0,0,0,0,1,0,0,1,0,0,0,0
2019-20,Jharkhand,Palamu,25,0,5,5,11,1,0,3,41,0,5,7,24,4,1,0,0,0,0,0,0,0,0,0,66,0,10,12,35,5,1,3
2019-20,Jharkhand,Ramgarh,8,0,1,1,2,3,0,1,12,0,4,1,6,1,0,0,0,0,0,0,0,0,0,0,20,0,5,2,8,4,0,1
2019-20,Jharkhand,Ranchi,61,0,5,6,23,14,9,4,75,0,1,10,47,13,2,2,0,0,0,0,0,0,0,0,136,0,6,16,70,27,11,6
2019-20,Jharkhand,Sahebganj,1,0,0,1,0,0,0,0,4,0,0,2,2,0,0,0,0,0,0,0,0,0,0,0,5,0,0,3,2,0,0,0
2019-20,Jharkhand,Saraikela,15,0,13,2,0,0,0,0,0,0,0,0,0,0,0,0,0,0,0,0,0,0,0,0,15,0,13,2,0,0,0,0
2019-20,Jharkhand,Simdega,5,0,5,0,0,0,0,0,32,0,32,0,0,0,0,0,0,0,0,0,0,0,0,0,37,0,37,0,0,0,0,0
2019-20,Jharkhand,Total Districts ,291,1,61,76,72,51,18,12,408,1,65,136,151,42,7,6,0,0,0,0,0,0,0,0,699,2,126,212,223,93,25,18
2019-20,Karnataka,Bagalkot,46,0,0,1,2,18,19,6,106,2,0,0,63,24,15,2,0,0,0,0,0,0,0,0,152,2,0,1,65,42,34,8
2019-20,Karnataka,Bengaluru City,1506,68,53,3,297,577,326,182,2478,67,83,5,1580,560,111,72,0,0,0,0,0,0,0,0,3984,135,136,8,1877,1137,437,254
2019-20,Karnataka,Bengaluru District,242,12,15,0,51,76,61,27,629,14,21,1,411,144,24,14,0,0,0,0,0,0,0,0,871,26,36,1,462,220,85,41
2019-20,Karnataka,Belagavi District,117,8,8,0,26,41,21,13,245,11,8,0,148,67,6,5,0,0,0,0,0,0,0,0,362,19,16,0,174,108,27,18
2019-20,Karnataka,Ballari,122,9,5,1,46,30,19,12,190,3,5,12,140,21,3,6,0,0,0,0,0,0,0,0,312,12,10,13,186,51,22,18
2019-20,Karnataka,Bidar,43,2,3,7,12,15,4,0,96,0,6,5,35,25,19,6,0,0,0,0,0,0,0,0,139,2,9,12,47,40,23,6
2019-20,Karnataka,Vijayapura,92,1,8,16,35,25,7,0,196,0,11,14,140,30,1,0,0,0,0,0,0,0,0,0,288,1,19,30,175,55,8,0
2019-20,Karnataka,Chikkaballapura,61,0,0,0,18,32,11,0,321,0,4,0,217,90,6,4,0,0,0,0,0,0,0,0,382,0,4,0,235,122,17,4
2019-20,Karnataka,Chamarajnagar,69,3,4,0,17,21,14,10,130,4,4,0,95,19,5,3,0,0,0,0,0,0,0,0,199,7,8,0,112,40,19,13
2019-20,Karnataka,Chikkamagaluru,105,2,8,0,5,39,36,15,184,8,1,0,1,80,75,19,0,0,0,0,0,0,0,0,289,10,9,0,6,119,111,34
2019-20,Karnataka,Chitradurga,108,3,4,0,20,44,21,16,367,4,9,0,265,76,8,5,0,0,0,0,0,0,0,0,475,7,13,0,285,120,29,21
2019-20,Karnataka,Dakshina Kannada,65,1,0,0,13,18,22,11,60,2,2,1,31,19,3,2,0,0,0,0,0,0,0,0,125,3,2,1,44,37,25,13
2019-20,Karnataka,Davanagere,124,7,11,2,37,39,15,13,290,8,4,13,221,28,9,7,0,0,0,0,0,0,0,0,414,15,15,15,258,67,24,20
2019-20,Karnataka,Dharwad,32,0,0,0,4,12,10,6,52,0,0,0,45,6,1,0,0,0,0,0,0,0,0,0,84,0,0,0,49,18,11,6
2019-20,Karnataka,Gadag,15,3,1,0,5,2,3,1,77,5,2,0,50,16,3,1,0,0,0,0,0,0,0,0,92,8,3,0,55,18,6,2
2019-20,Karnataka,Kalaburgi,33,0,0,0,15,13,4,1,74,0,1,0,65,7,0,1,0,0,0,0,0,0,0,0,107,0,1,0,80,20,4,2
2019-20,Karnataka,Hassan,134,6,5,2,22,44,36,19,318,2,3,0,228,66,16,3,0,0,0,0,0,0,0,0,452,8,8,2,250,110,52,22
2019-20,Karnataka,Haveri,75,0,0,4,12,24,31,4,205,0,0,9,116,58,14,8,0,0,0,0,0,0,0,0,280,0,0,13,128,82,45,12
2019-20,Karnataka,Hubballi Dharwad City,63,1,1,0,9,17,30,5,72,2,6,3,52,5,3,1,0,0,0,0,0,0,0,0,135,3,7,3,61,22,33,6
2019-20,Karnataka,K.G.F.,26,2,0,0,5,5,12,2,73,2,2,6,57,5,0,1,0,0,0,0,0,0,0,0,99,4,2,6,62,10,12,3
2019-20,Karnataka,Kodagu,70,0,0,11,20,30,4,5,124,0,0,11,45,59,7,2,0,0,0,0,0,0,0,0,194,0,0,22,65,89,11,7
2019-20,Karnataka,Kolar,83,3,5,1,30,24,11,9,224,6,9,3,175,25,2,4,0,0,0,0,0,0,0,0,307,9,14,4,205,49,13,13
2019-20,Karnataka,Koppal,46,0,0,0,9,20,13,4,121,0,0,15,76,23,4,3,0,0,0,0,0,0,0,0,167,0,0,15,85,43,17,7
2019-20,Karnataka,Mandya,212,18,10,0,28,72,48,36,481,17,17,2,322,87,26,10,0,0,0,0,0,0,0,0,693,35,27,2,350,159,74,46
2019-20,Karnataka,Mangaluru City,90,0,1,0,24,36,22,7,73,0,0,0,58,10,3,2,0,0,0,0,0,0,0,0,163,0,1,0,82,46,25,9
2019-20,Karnataka,Mysuru City,155,7,5,0,45,39,36,23,201,10,3,1,141,24,12,10,0,0,0,0,0,0,0,0,356,17,8,1,186,63,48,33
2019-20,Karnataka,Mysuru District,169,11,2,1,54,44,32,25,344,9,8,1,286,30,3,7,0,0,0,0,0,0,0,0,513,20,10,2,340,74,35,32
2019-20,Karnataka,Raichur,59,6,4,1,24,16,4,4,137,2,7,4,116,5,3,0,0,0,0,0,0,0,0,0,196,8,11,5,140,21,7,4
2019-20,Karnataka,K.Railways,14,0,0,0,5,4,4,1,8,0,0,0,5,1,1,1,0,0,0,0,0,0,0,0,22,0,0,0,10,5,5,2
2019-20,Karnataka,Ramanagara,147,14,7,0,23,41,34,28,321,11,15,2,196,70,16,11,0,0,0,0,0,0,0,0,468,25,22,2,219,111,50,39
2019-20,Karnataka,Shimoga,235,13,9,0,75,80,35,23,499,23,12,1,400,47,12,4,0,0,0,0,0,0,0,0,734,36,21,1,475,127,47,27
2019-20,Karnataka,Tumakuru,172,10,10,2,52,48,24,26,434,11,4,4,358,42,3,12,0,0,0,0,0,0,0,0,606,21,14,6,410,90,27,38
2019-20,Karnataka,Udupi,73,0,0,1,12,23,28,9,82,2,6,3,42,25,4,0,0,0,0,0,0,0,0,0,155,2,6,4,54,48,32,9
2019-20,Karnataka,Uttara Kannada,80,4,2,2,24,29,12,7,144,3,3,0,117,11,7,3,0,0,0,0,0,0,0,0,224,7,5,2,141,40,19,10
2019-20,Karnataka,Yadgiri,26,0,0,5,5,9,4,3,41,0,0,4,33,2,2,0,0,0,0,0,0,0,0,0,67,0,0,9,38,11,6,3
2019-20,Karnataka,Belagavi City,65,0,6,3,12,18,18,8,77,0,3,3,55,10,5,1,0,0,0,0,0,0,0,0,142,0,9,6,67,28,23,9
2019-20,Karnataka,Kalaburgi City,24,4,2,1,5,9,2,1,68,2,2,0,60,4,0,0,0,0,0,0,0,0,0,0,92,6,4,1,65,13,2,1
2019-20,Karnataka,Total Districts ,4798,218,189,64,1098,1634,1033,562,9542,230,261,123,6445,1821,432,230,0,0,0,0,0,0,0,0,14340,448,450,187,7543,3455,1465,792
2019-20,Kerala,Alapuzha,158,5,9,15,36,34,31,28,521,3,11,21,402,66,11,7,0,0,0,0,0,0,0,0,679,8,20,36,438,100,42,35
2019-20,Kerala,Ernakulam Commr.,128,1,4,13,30,30,30,20,163,0,2,11,111,28,8,3,0,0,0,0,0,0,0,0,291,1,6,24,141,58,38,23
2019-20,Kerala,Ernakulam Rural,187,5,7,21,50,49,31,24,349,3,14,17,225,69,13,8,0,0,0,0,0,0,0,0,536,8,21,38,275,118,44,32
2019-20,Kerala,Idukki,122,4,12,17,45,21,13,10,256,3,2,19,171,48,9,4,0,0,0,0,0,0,0,0,378,7,14,36,216,69,22,14
2019-20,Kerala,Kannur,94,7,11,7,9,21,29,10,205,5,10,15,121,46,5,3,0,0,0,0,0,0,0,0,299,12,21,22,130,67,34,13
2019-20,Kerala,Kasargod,78,6,8,6,18,18,13,9,133,7,10,6,92,16,1,1,0,0,0,0,0,0,0,0,211,13,18,12,110,34,14,10
2019-20,Kerala,Kollam Commr.,161,8,12,25,36,27,31,22,542,12,12,39,397,59,17,6,0,0,0,0,0,0,0,0,703,20,24,64,433,86,48,28
2019-20,Kerala,Kollam Rural,190,7,18,12,23,40,50,40,506,8,8,16,360,90,15,9,0,0,0,0,0,0,0,0,696,15,26,28,383,130,65,49
2019-20,Kerala,Kottayam,129,3,4,9,41,27,32,13,295,4,8,28,197,44,11,3,0,0,0,0,0,0,0,0,424,7,12,37,238,71,43,16
2019-20,Kerala,Kozhikode Commr.,105,7,5,20,24,22,16,11,179,0,4,24,113,33,4,1,0,0,0,0,0,0,0,0,284,7,9,44,137,55,20,12
2019-20,Kerala,Kozhikode Rural,140,10,14,12,18,37,38,11,325,3,14,13,215,59,16,5,0,0,0,0,0,0,0,0,465,13,28,25,233,96,54,16
2019-20,Kerala,Malappuram,204,10,21,42,51,25,30,25,355,7,13,16,261,46,6,6,0,0,0,0,0,0,0,0,559,17,34,58,312,71,36,31
2019-20,Kerala,Palakkad,174,12,11,15,38,40,34,24,432,7,9,40,265,79,23,9,0,0,0,0,0,0,0,0,606,19,20,55,303,119,57,33
2019-20,Kerala,Pathanamthitta,110,5,7,6,23,28,23,18,95,4,4,17,21,39,5,5,0,0,0,0,0,0,0,0,205,9,11,23,44,67,28,23
2019-20,Kerala,Railways,15,0,0,1,5,6,1,2,0,0,0,0,0,0,0,0,0,0,0,0,0,0,0,0,15,0,0,1,5,6,1,2
2019-20,Kerala,Thrissur Commr.,151,4,15,12,27,45,29,19,312,13,14,27,186,50,7,15,0,0,0,0,0,0,0,0,463,17,29,39,213,95,36,34
2019-20,Kerala,Thrissur Rural,145,3,8,6,46,29,34,19,757,241,2,8,19,287,164,36,0,0,0,0,0,0,0,0,902,244,10,14,65,316,198,55
2019-20,Kerala,Trivandrum Commr.,148,0,3,14,39,43,31,18,405,3,7,19,277,86,5,8,0,0,0,0,0,0,0,0,553,3,10,33,316,129,36,26
2019-20,Kerala,Trivandrum Rural,264,9,13,57,75,44,38,28,427,8,18,32,279,61,18,11,13,1,1,1,1,3,3,3,704,18,32,90,355,108,59,42
2019-20,Kerala,Wayanadu,71,8,4,6,8,19,17,9,137,9,6,8,89,19,4,2,0,0,0,0,0,0,0,0,208,17,10,14,97,38,21,11
2019-20,Kerala,Crime Branch,0,0,0,0,0,0,0,0,1,1,0,0,0,0,0,0,1,1,0,0,0,0,0,0,2,2,0,0,0,0,0,0
2019-20,Kerala,Total Districts ,2774,114,186,316,642,605,551,360,6395,341,168,376,3801,1225,342,142,14,2,1,1,1,3,3,3,9183,457,355,693,4444,1833,896,505
2019-20,Madhya Pradesh,Agar,61,0,0,5,25,16,12,3,163,0,4,28,110,19,2,0,0,0,0,0,0,0,0,0,224,0,4,33,135,35,14,3
2019-20,Madhya Pradesh,Alirajpur,53,0,0,4,16,22,11,0,375,1,13,77,232,44,8,0,0,0,0,0,0,0,0,0,428,1,13,81,248,66,19,0
2019-20,Madhya Pradesh,Anuppur,104,1,2,7,42,29,22,1,298,0,10,83,152,41,8,4,0,0,0,0,0,0,0,0,402,1,12,90,194,70,30,5
2019-20,Madhya Pradesh,Ashok Nagar,118,1,4,13,51,33,8,8,306,1,9,97,158,37,2,2,0,0,0,0,0,0,0,0,424,2,13,110,209,70,10,10
2019-20,Madhya Pradesh,Balaghat,254,0,3,14,108,60,49,20,736,0,7,150,452,90,28,9,0,0,0,0,0,0,0,0,990,0,10,164,560,150,77,29
2019-20,Madhya Pradesh,Barwani,98,1,4,5,25,41,15,7,434,2,10,106,260,47,8,1,0,0,0,0,0,0,0,0,532,3,14,111,285,88,23,8
2019-20,Madhya Pradesh,Betul,248,2,15,19,93,71,34,14,841,5,16,149,568,80,11,12,0,0,0,0,0,0,0,0,1089,7,31,168,661,151,45,26
2019-20,Madhya Pradesh,Bhind,120,1,14,23,47,22,13,0,215,1,20,58,107,26,3,0,0,0,0,0,0,0,0,0,335,2,34,81,154,48,16,0
2019-20,Madhya Pradesh,Bhopal,107,0,53,49,5,0,0,0,279,2,116,159,2,0,0,0,0,0,0,0,0,0,0,0,386,2,169,208,7,0,0,0
2019-20,Madhya Pradesh,Bhopal Railway,24,0,2,5,7,3,6,1,22,0,0,5,13,1,1,2,0,0,0,0,0,0,0,0,46,0,2,10,20,4,7,3
2019-20,Madhya Pradesh,Burhanpur,84,0,3,2,34,26,13,6,198,1,13,37,116,24,5,2,0,0,0,0,0,0,0,0,282,1,16,39,150,50,18,8
2019-20,Madhya Pradesh,Chhatarpur,151,0,9,25,77,30,10,0,463,0,51,102,204,99,7,0,0,0,0,0,0,0,0,0,614,0,60,127,281,129,17,0
2019-20,Madhya Pradesh,Chhindwara,323,0,11,4,140,87,51,30,943,2,10,112,700,91,15,13,0,0,0,0,0,0,0,0,1266,2,21,116,840,178,66,43
2019-20,Madhya Pradesh,Damoh,209,0,5,16,104,58,19,7,494,3,17,125,254,74,14,7,0,0,0,0,0,0,0,0,703,3,22,141,358,132,33,14
2019-20,Madhya Pradesh,Datia,107,0,4,10,42,30,13,8,179,0,1,43,107,24,4,0,0,0,0,0,0,0,0,0,286,0,5,53,149,54,17,8
2019-20,Madhya Pradesh,Dewas,199,1,3,12,89,70,19,5,807,1,21,166,388,186,37,8,0,0,0,0,0,0,0,0,1006,2,24,178,477,256,56,13
2019-20,Madhya Pradesh,Dhar,260,2,16,16,129,70,26,1,1257,1,27,306,765,136,19,3,0,0,0,0,0,0,0,0,1517,3,43,322,894,206,45,4
2019-20,Madhya Pradesh,Dindori,52,0,5,10,19,11,7,0,270,0,7,77,111,45,29,1,0,0,0,0,0,0,0,0,322,0,12,87,130,56,36,1
2019-20,Madhya Pradesh,Guna,169,0,5,15,73,50,16,10,487,0,12,149,279,34,8,5,0,0,0,0,0,0,0,0,656,0,17,164,352,84,24,15
2019-20,Madhya Pradesh,Gwalior,564,2,31,63,211,157,62,38,951,0,33,172,547,153,28,18,0,0,0,0,0,0,0,0,1515,2,64,235,758,310,90,56
2019-20,Madhya Pradesh,Harda,99,1,5,5,52,23,11,2,330,0,3,67,235,21,2,2,0,0,0,0,0,0,0,0,429,1,8,72,287,44,13,4
2019-20,Madhya Pradesh,Hoshangabad,288,2,8,9,149,81,24,15,670,2,12,112,445,83,11,5,0,0,0,0,0,0,0,0,958,4,20,121,594,164,35,20
2019-20,Madhya Pradesh,Indore,1227,5,69,74,577,330,100,72,2262,2,104,405,1361,310,52,28,0,0,0,0,0,0,0,0,3489,7,173,479,1938,640,152,100
2019-20,Madhya Pradesh,Indore Railway,2,0,0,0,0,0,0,2,5,1,0,0,3,1,0,0,0,0,0,0,0,0,0,0,7,1,0,0,3,1,0,2
2019-20,Madhya Pradesh,Jabalpur,752,2,13,67,328,187,94,61,1427,2,21,310,810,226,35,23,0,0,0,0,0,0,0,0,2179,4,34,377,1138,413,129,84
2019-20,Madhya Pradesh,Jabalpur Railway,7,0,0,0,2,3,2,0,10,1,0,0,5,4,0,0,0,0,0,0,0,0,0,0,17,1,0,0,7,7,2,0
2019-20,Madhya Pradesh,Jhabua,52,0,0,0,31,16,5,0,334,0,4,66,231,30,3,0,0,0,0,0,0,0,0,0,386,0,4,66,262,46,8,0
2019-20,Madhya Pradesh,Katni,204,0,10,16,85,49,31,13,539,0,19,110,329,63,8,10,0,0,0,0,0,0,0,0,743,0,29,126,414,112,39,23
2019-20,Madhya Pradesh,Khandwa,394,0,12,48,138,99,73,24,1239,1,88,122,492,361,161,14,0,0,0,0,0,0,0,0,1633,1,100,170,630,460,234,38
2019-20,Madhya Pradesh,Khargone,200,8,16,9,85,52,18,12,863,11,43,230,465,96,15,3,0,0,0,0,0,0,0,0,1063,19,59,239,550,148,33,15
2019-20,Madhya Pradesh,Mandla,133,0,5,14,55,32,23,4,395,0,7,108,228,44,4,4,0,0,0,0,0,0,0,0,528,0,12,122,283,76,27,8
2019-20,Madhya Pradesh,Mandsaur,193,1,10,11,109,44,16,2,548,3,18,64,367,81,15,0,0,0,0,0,0,0,0,0,741,4,28,75,476,125,31,2
2019-20,Madhya Pradesh,Morena,190,0,12,32,80,42,14,10,363,1,9,74,199,68,8,4,0,0,0,0,0,0,0,0,553,1,21,106,279,110,22,14
2019-20,Madhya Pradesh,Narsinghpur,210,0,7,7,101,60,23,12,512,0,4,107,323,61,11,6,0,0,0,0,0,0,0,0,722,0,11,114,424,121,34,18
2019-20,Madhya Pradesh,Neemuch,108,0,1,4,59,24,13,7,366,0,6,50,251,56,3,0,0,0,0,0,0,0,0,0,474,0,7,54,310,80,16,7
2019-20,Madhya Pradesh,Panna,104,0,2,10,40,29,17,6,371,0,11,116,188,39,11,6,0,0,0,0,0,0,0,0,475,0,13,126,228,68,28,12
2019-20,Madhya Pradesh,Raisen,182,2,5,16,53,71,35,0,744,0,14,170,334,190,36,0,0,0,0,0,0,0,0,0,926,2,19,186,387,261,71,0
2019-20,Madhya Pradesh,Rajgarh,118,0,3,7,30,48,26,4,458,0,8,98,235,98,17,2,0,0,0,0,0,0,0,0,576,0,11,105,265,146,43,6
2019-20,Madhya Pradesh,Ratlam,231,0,4,13,124,59,26,5,876,1,77,137,538,94,22,7,0,0,0,0,0,0,0,0,1107,1,81,150,662,153,48,12
2019-20,Madhya Pradesh,Rewa,81,1,12,37,29,2,0,0,227,2,13,101,106,5,0,0,0,0,0,0,0,0,0,0,308,3,25,138,135,7,0,0
2019-20,Madhya Pradesh,Sagar,494,2,22,52,242,116,40,20,1124,4,20,280,668,116,21,15,0,0,0,0,0,0,0,0,1618,6,42,332,910,232,61,35
2019-20,Madhya Pradesh,Satna,392,0,31,51,125,109,41,35,846,0,91,106,431,180,27,11,0,0,0,0,0,0,0,0,1238,0,122,157,556,289,68,46
2019-20,Madhya Pradesh,Seoni,239,6,5,11,110,60,35,12,614,1,10,124,406,56,12,5,0,0,0,0,0,0,0,0,853,7,15,135,516,116,47,17
2019-20,Madhya Pradesh,Shahdol,288,0,11,19,145,66,25,22,902,0,17,113,597,150,19,6,0,0,0,0,0,0,0,0,1190,0,28,132,742,216,44,28
2019-20,Madhya Pradesh,Shajapur,73,0,3,6,28,21,10,5,290,0,3,80,163,41,2,1,0,0,0,0,0,0,0,0,363,0,6,86,191,62,12,6
2019-20,Madhya Pradesh,Sheopur,43,0,0,3,16,13,8,3,125,0,0,23,84,11,6,1,0,0,0,0,0,0,0,0,168,0,0,26,100,24,14,4
2019-20,Madhya Pradesh,Shivpuri,149,0,10,15,76,32,12,4,501,0,30,105,305,50,7,4,0,0,0,0,0,0,0,0,650,0,40,120,381,82,19,8
2019-20,Madhya Pradesh,Sidhi,118,0,11,20,38,27,15,7,380,0,13,103,199,57,5,3,0,0,0,0,0,0,0,0,498,0,24,123,237,84,20,10
2019-20,Madhya Pradesh,Sehore,205,5,10,10,69,72,28,11,482,1,3,74,268,115,16,5,0,0,0,0,0,0,0,0,687,6,13,84,337,187,44,16
2019-20,Madhya Pradesh,Singrauli,128,0,14,17,55,27,11,4,281,0,6,83,148,34,6,4,0,0,0,0,0,0,0,0,409,0,20,100,203,61,17,8
2019-20,Madhya Pradesh,Tikamgarh,70,0,0,4,29,20,14,3,190,0,0,16,141,30,1,2,0,0,0,0,0,0,0,0,260,0,0,20,170,50,15,5
2019-20,Madhya Pradesh,Ujjain,288,0,9,16,121,80,46,16,780,1,33,122,494,115,12,3,0,0,0,0,0,0,0,0,1068,1,42,138,615,195,58,19
2019-20,Madhya Pradesh,Umaria,69,0,1,7,37,11,8,5,202,1,0,45,126,25,5,0,0,0,0,0,0,0,0,0,271,1,1,52,163,36,13,5
2019-20,Madhya Pradesh,Vidisha,212,0,14,17,40,61,59,21,529,1,72,83,149,138,49,37,0,0,0,0,0,0,0,0,741,1,86,100,189,199,108,58
2019-20,Madhya Pradesh,Cyber Crime Cell,0,0,0,0,0,0,0,0,0,0,0,0,0,0,0,0,0,0,0,0,0,0,0,0,0,0,0,0,0,0,0,0
2019-20,Madhya Pradesh,Niwari,47,0,0,7,19,13,7,1,85,0,2,11,57,10,4,1,0,0,0,0,0,0,0,0,132,0,2,18,76,23,11,2
2019-20,Madhya Pradesh,Total Districts ,10895,46,524,951,4614,2865,1316,579,29588,56,1158,6016,16906,4310,843,299,0,0,0,0,0,0,0,0,40483,102,1682,6967,21520,7175,2159,878
2019-20,Maharashtra,Ahmednagar,756,26,25,11,336,205,74,79,1271,22,23,69,915,191,25,26,0,0,0,0,0,0,0,0,2027,48,48,80,1251,396,99,105
2019-20,Maharashtra,Akola,224,9,2,1,94,62,30,26,433,11,13,0,344,47,12,6,0,0,0,0,0,0,0,0,657,20,15,1,438,109,42,32
2019-20,Maharashtra,Amravati Commr.,239,0,0,0,50,94,60,35,323,0,0,0,198,88,22,15,0,0,0,0,0,0,0,0,562,0,0,0,248,182,82,50
2019-20,Maharashtra,Amravati Rural,244,3,3,2,77,71,58,30,608,0,3,106,388,72,30,9,0,0,0,0,0,0,0,0,852,3,6,108,465,143,88,39
2019-20,Maharashtra,Aurangabad Commr.,468,12,15,30,161,170,60,20,552,9,11,11,341,131,36,13,0,0,0,0,0,0,0,0,1020,21,26,41,502,301,96,33
2019-20,Maharashtra,Aurangabad Rural,199,2,3,2,104,53,25,10,338,3,3,22,232,51,19,8,0,0,0,0,0,0,0,0,537,5,6,24,336,104,44,18
2019-20,Maharashtra,Beed,236,10,8,1,63,89,49,16,373,8,10,0,199,129,20,7,0,0,0,0,0,0,0,0,609,18,18,1,262,218,69,23
2019-20,Maharashtra,Bhandara,186,0,2,8,61,57,42,16,538,0,4,56,388,62,17,11,0,0,0,0,0,0,0,0,724,0,6,64,449,119,59,27
2019-20,Maharashtra,Buldhana,272,21,25,2,108,77,21,18,476,20,22,6,323,85,8,12,0,0,0,0,0,0,0,0,748,41,47,8,431,162,29,30
2019-20,Maharashtra,Chandrapur,366,0,0,0,289,52,15,10,719,0,0,0,565,117,25,12,0,0,0,0,0,0,0,0,1085,0,0,0,854,169,40,22
2019-20,Maharashtra,Dhule,228,0,18,9,62,89,50,0,359,0,0,91,149,119,0,0,0,0,0,0,0,0,0,0,587,0,18,100,211,208,50,0
2019-20,Maharashtra,Gadchiroli,102,1,0,0,36,40,25,0,211,3,4,15,148,30,11,0,0,0,0,0,0,0,0,0,313,4,4,15,184,70,36,0
2019-20,Maharashtra,Gondia,99,0,0,0,25,60,11,3,276,0,0,0,131,77,52,16,0,0,0,0,0,0,0,0,375,0,0,0,156,137,63,19
2019-20,Maharashtra,Hingoli,95,0,1,3,43,30,9,9,122,0,0,12,82,24,2,2,0,0,0,0,0,0,0,0,217,0,1,15,125,54,11,11
2019-20,Maharashtra,Jalgaon,561,32,18,7,135,213,136,20,986,20,13,7,638,249,51,8,0,0,0,0,0,0,0,0,1547,52,31,14,773,462,187,28
2019-20,Maharashtra,Jalna,17,0,0,0,6,11,0,0,52,0,0,24,18,10,0,0,0,0,0,0,0,0,0,0,69,0,0,24,24,21,0,0
2019-20,Maharashtra,Kolhapur,424,23,17,0,166,134,44,40,1104,19,16,0,883,136,31,19,0,0,0,0,0,0,0,0,1528,42,33,0,1049,270,75,59
2019-20,Maharashtra,Latur,180,0,0,0,49,85,39,7,304,0,0,0,121,118,52,13,0,0,0,0,0,0,0,0,484,0,0,0,170,203,91,20
2019-20,Maharashtra,Mumbai Commr.,3140,14,113,207,702,1074,684,346,4300,16,113,662,1857,1159,333,160,0,0,0,0,0,0,0,0,7440,30,226,869,2559,2233,1017,506
2019-20,Maharashtra,Mumbai Railway,49,3,2,0,19,8,6,11,25,3,1,0,19,1,1,0,0,0,0,0,0,0,0,0,74,6,3,0,38,9,7,11
2019-20,Maharashtra,Nagpur Commr.,1083,5,0,18,360,376,202,122,1477,1,19,39,823,421,122,52,0,0,0,0,0,0,0,0,2560,6,19,57,1183,797,324,174
2019-20,Maharashtra,Nagpur Railway,7,1,0,1,1,3,1,0,5,0,0,0,2,3,0,0,0,0,0,0,0,0,0,0,12,1,0,1,3,6,1,0
2019-20,Maharashtra,Nagpur Rural,328,0,0,0,87,156,70,15,720,0,0,0,482,175,48,15,0,0,0,0,0,0,0,0,1048,0,0,0,569,331,118,30
2019-20,Maharashtra,Nanded,282,9,9,5,142,67,35,15,431,7,13,14,316,61,7,13,0,0,0,0,0,0,0,0,713,16,22,19,458,128,42,28
2019-20,Maharashtra,Nandurbar,101,0,1,0,50,36,8,6,238,0,1,0,192,33,11,1,0,0,0,0,0,0,0,0,339,0,2,0,242,69,19,7
2019-20,Maharashtra,Nasik Commr.,575,15,19,0,217,182,95,47,825,15,6,3,596,142,36,27,1,0,0,0,1,0,0,0,1401,30,25,3,814,324,131,74
2019-20,Maharashtra,Nasik Rural,595,0,0,0,188,232,135,40,1311,0,0,0,859,280,158,14,0,0,0,0,0,0,0,0,1906,0,0,0,1047,512,293,54
2019-20,Maharashtra,Navi Mumbai,564,22,12,4,239,162,76,49,746,19,8,10,481,166,37,25,0,0,0,0,0,0,0,0,1310,41,20,14,720,328,113,74
2019-20,Maharashtra,Osmanabad,133,9,4,0,46,43,18,13,285,9,6,1,208,48,11,2,0,0,0,0,0,0,0,0,418,18,10,1,254,91,29,15
2019-20,Maharashtra,Palghar,160,8,10,1,57,42,28,14,247,5,11,1,185,33,5,7,0,0,0,0,0,0,0,0,407,13,21,2,242,75,33,21
2019-20,Maharashtra,Parbhani,143,0,0,0,83,39,16,5,229,0,0,0,154,43,19,13,0,0,0,0,0,0,0,0,372,0,0,0,237,82,35,18
2019-20,Maharashtra,Pune Commr.,1123,22,16,7,487,364,112,115,1569,11,16,34,1124,282,58,44,0,0,0,0,0,0,0,0,2692,33,32,41,1611,646,170,159
2019-20,Maharashtra,Pune Railway,8,0,0,0,1,2,4,1,4,0,0,0,2,1,1,0,0,0,0,0,0,0,0,0,12,0,0,0,3,3,5,1
2019-20,Maharashtra,Pune Rural,755,41,25,9,316,226,83,55,1403,21,26,59,1043,181,42,31,0,0,0,0,0,0,0,0,2158,62,51,68,1359,407,125,86
2019-20,Maharashtra,Raigad,195,7,8,0,71,62,27,20,331,7,12,2,247,49,7,7,0,0,0,0,0,0,0,0,526,14,20,2,318,111,34,27
2019-20,Maharashtra,Ratnagiri,185,3,5,3,67,58,28,21,218,4,4,4,161,32,7,6,0,0,0,0,0,0,0,0,403,7,9,7,228,90,35,27
2019-20,Maharashtra,Sangli,430,5,8,3,187,143,56,28,932,11,8,5,635,203,41,29,0,0,0,0,0,0,0,0,1362,16,16,8,822,346,97,57
2019-20,Maharashtra,Satara,429,31,1,6,164,129,54,44,1014,17,15,41,787,112,26,16,0,0,0,0,0,0,0,0,1443,48,16,47,951,241,80,60
2019-20,Maharashtra,Sindhudurg,86,4,2,0,25,21,21,13,104,3,4,0,54,26,7,10,0,0,0,0,0,0,0,0,190,7,6,0,79,47,28,23
2019-20,Maharashtra,Solapur Commr.,268,10,13,2,36,104,63,40,349,3,12,1,178,111,24,20,0,0,0,0,0,0,0,0,617,13,25,3,214,215,87,60
2019-20,Maharashtra,Solapur Rural,346,0,0,0,113,131,73,29,621,0,0,0,397,179,29,16,0,0,0,0,0,0,0,0,967,0,0,0,510,310,102,45
2019-20,Maharashtra,Thane Commr.,1446,0,15,19,642,532,238,0,1930,0,12,76,1334,403,105,0,0,0,0,0,0,0,0,0,3376,0,27,95,1976,935,343,0
2019-20,Maharashtra,Thane Rural,187,0,2,0,79,64,27,15,363,1,2,24,270,56,6,4,0,0,0,0,0,0,0,0,550,1,4,24,349,120,33,19
2019-20,Maharashtra,Wardha,353,0,0,0,142,122,58,31,557,0,0,0,452,79,13,13,0,0,0,0,0,0,0,0,910,0,0,0,594,201,71,44
2019-20,Maharashtra,Washim,136,0,0,2,54,46,27,7,207,0,0,18,127,50,7,5,0,0,0,0,0,0,0,0,343,0,0,20,181,96,34,12
2019-20,Maharashtra,Yavatmal,379,1,3,0,201,107,46,21,687,2,1,7,506,149,18,4,0,0,0,0,0,0,0,0,1066,3,4,7,707,256,64,25
2019-20,Maharashtra,Pimpri Chinchwad City,796,0,3,1,279,304,135,74,1159,0,1,2,702,354,70,30,0,0,0,0,0,0,0,0,1955,0,4,3,981,658,205,104
2019-20,Maharashtra,Aurangabad Railway,17,0,0,0,7,6,4,0,8,0,0,0,8,0,0,0,0,0,0,0,0,0,0,0,25,0,0,0,15,6,4,0
2019-20,Maharashtra,Mira Bhayandar Vasai Virar Commr.,609,20,16,5,256,188,75,49,943,31,28,30,396,266,158,34,0,0,0,0,0,0,0,0,1552,51,44,35,652,454,233,83
2019-20,Maharashtra,Total Districts ,19804,369,424,369,7183,6621,3253,1585,32283,301,441,1452,20660,6834,1820,775,1,0,0,0,1,0,0,0,52088,670,865,1821,27844,13455,5073,2360
2019-20,Manipur,Bishnupur,17,1,0,4,3,5,3,1,21,1,2,2,9,5,2,0,0,0,0,0,0,0,0,0,38,2,2,6,12,10,5,1
2019-20,Manipur,Chandel,0,0,0,0,0,0,0,0,3,0,0,1,2,0,0,0,0,0,0,0,0,0,0,0,3,0,0,1,2,0,0,0
2019-20,Manipur,Churachandpur,0,0,0,0,0,0,0,0,0,0,0,0,0,0,0,0,0,0,0,0,0,0,0,0,0,0,0,0,0,0,0,0
2019-20,Manipur,CID,0,0,0,0,0,0,0,0,0,0,0,0,0,0,0,0,0,0,0,0,0,0,0,0,0,0,0,0,0,0,0,0
2019-20,Manipur,Imphal East,23,0,2,3,6,9,3,0,35,0,4,2,8,20,1,0,0,0,0,0,0,0,0,0,58,0,6,5,14,29,4,0
2019-20,Manipur,Imphal West,9,0,1,2,3,3,0,0,26,0,3,4,8,10,1,0,0,0,0,0,0,0,0,0,35,0,4,6,11,13,1,0
2019-20,Manipur,Senapati,0,0,0,0,0,0,0,0,0,0,0,0,0,0,0,0,0,0,0,0,0,0,0,0,0,0,0,0,0,0,0,0
2019-20,Manipur,Tamenglong,0,0,0,0,0,0,0,0,0,0,0,0,0,0,0,0,0,0,0,0,0,0,0,0,0,0,0,0,0,0,0,0
2019-20,Manipur,Thoubal,13,0,0,3,6,0,4,0,17,0,3,5,5,2,1,1,0,0,0,0,0,0,0,0,30,0,3,8,11,2,5,1
2019-20,Manipur,Ukhrul,0,0,0,0,0,0,0,0,0,0,0,0,0,0,0,0,0,0,0,0,0,0,0,0,0,0,0,0,0,0,0,0
2019-20,Manipur,Kakching,10,0,0,2,2,4,1,1,18,0,2,1,12,3,0,0,0,0,0,0,0,0,0,0,28,0,2,3,14,7,1,1
2019-20,Manipur,Kamjong,0,0,0,0,0,0,0,0,0,0,0,0,0,0,0,0,0,0,0,0,0,0,0,0,0,0,0,0,0,0,0,0
2019-20,Manipur,Kangpokpi,0,0,0,0,0,0,0,0,0,0,0,0,0,0,0,0,0,0,0,0,0,0,0,0,0,0,0,0,0,0,0,0
2019-20,Manipur,Jiribam,4,0,0,0,1,3,0,0,5,0,1,2,2,0,0,0,0,0,0,0,0,0,0,0,9,0,1,2,3,3,0,0
2019-20,Manipur,Noney,0,0,0,0,0,0,0,0,0,0,0,0,0,0,0,0,0,0,0,0,0,0,0,0,0,0,0,0,0,0,0,0
2019-20,Manipur,Pherzawl,0,0,0,0,0,0,0,0,0,0,0,0,0,0,0,0,0,0,0,0,0,0,0,0,0,0,0,0,0,0,0,0
2019-20,Manipur,Tengnoupal,0,0,0,0,0,0,0,0,0,0,0,0,0,0,0,0,0,0,0,0,0,0,0,0,0,0,0,0,0,0,0,0
2019-20,Manipur,Narcotic,0,0,0,0,0,0,0,0,0,0,0,0,0,0,0,0,0,0,0,0,0,0,0,0,0,0,0,0,0,0,0,0
2019-20,Manipur,Total Districts ,76,1,3,14,21,24,11,2,125,1,15,17,46,40,5,1,0,0,0,0,0,0,0,0,201,2,18,31,67,64,16,3
2019-20,Meghalaya,Garo Hills East,0,0,0,0,0,0,0,0,1,0,0,1,0,0,0,0,0,0,0,0,0,0,0,0,1,0,0,1,0,0,0,0
2019-20,Meghalaya,Garo Hills North,2,0,0,0,0,2,0,0,4,0,0,0,3,1,0,0,0,0,0,0,0,0,0,0,6,0,0,0,3,3,0,0
2019-20,Meghalaya,Garo Hills South,0,0,0,0,0,0,0,0,0,0,0,0,0,0,0,0,0,0,0,0,0,0,0,0,0,0,0,0,0,0,0,0
2019-20,Meghalaya,Garo Hills South West,0,0,0,0,0,0,0,0,0,0,0,0,0,0,0,0,0,0,0,0,0,0,0,0,0,0,0,0,0,0,0,0
2019-20,Meghalaya,Garo Hills West,4,0,0,0,2,1,1,0,30,1,3,9,12,5,0,0,0,0,0,0,0,0,0,0,34,1,3,9,14,6,1,0
2019-20,Meghalaya,Jaintia Hills West,2,0,0,1,1,0,0,0,2,0,0,2,0,0,0,0,0,0,0,0,0,0,0,0,4,0,0,3,1,0,0,0
2019-20,Meghalaya,Jaintia Hills East,0,0,0,0,0,0,0,0,0,0,0,0,0,0,0,0,0,0,0,0,0,0,0,0,0,0,0,0,0,0,0,0
2019-20,Meghalaya,Khasi Hills East,72,0,2,4,34,23,5,4,61,0,2,13,29,12,3,2,0,0,0,0,0,0,0,0,133,0,4,17,63,35,8,6
2019-20,Meghalaya,Khasi Hills South West,2,0,0,0,0,2,0,0,1,0,1,0,0,0,0,0,0,0,0,0,0,0,0,0,3,0,1,0,0,2,0,0
2019-20,Meghalaya,Khasi Hills West,0,0,0,0,0,0,0,0,0,0,0,0,0,0,0,0,0,0,0,0,0,0,0,0,0,0,0,0,0,0,0,0
2019-20,Meghalaya,Ri-Bhoi,10,0,0,5,4,0,0,1,3,0,0,0,3,0,0,0,0,0,0,0,0,0,0,0,13,0,0,5,7,0,0,1
2019-20,Meghalaya,Cyber Cell,0,0,0,0,0,0,0,0,0,0,0,0,0,0,0,0,0,0,0,0,0,0,0,0,0,0,0,0,0,0,0,0
2019-20,Meghalaya,Total Districts ,92,0,2,10,41,28,6,5,102,1,6,25,47,18,3,2,0,0,0,0,0,0,0,0,194,1,8,35,88,46,9,7
2019-20,Mizoram,Aizawl,0,0,0,0,0,0,0,0,0,0,0,0,0,0,0,0,0,0,0,0,0,0,0,0,0,0,0,0,0,0,0,0
2019-20,Mizoram,Champhai,0,0,0,0,0,0,0,0,0,0,0,0,0,0,0,0,0,0,0,0,0,0,0,0,0,0,0,0,0,0,0,0
2019-20,Mizoram,Kolasib,0,0,0,0,0,0,0,0,0,0,0,0,0,0,0,0,0,0,0,0,0,0,0,0,0,0,0,0,0,0,0,0
2019-20,Mizoram,Lawngtlai,0,0,0,0,0,0,0,0,0,0,0,0,0,0,0,0,0,0,0,0,0,0,0,0,0,0,0,0,0,0,0,0
2019-20,Mizoram,Lunglei,0,0,0,0,0,0,0,0,0,0,0,0,0,0,0,0,0,0,0,0,0,0,0,0,0,0,0,0,0,0,0,0
2019-20,Mizoram,Mamit,0,0,0,0,0,0,0,0,0,0,0,0,0,0,0,0,0,0,0,0,0,0,0,0,0,0,0,0,0,0,0,0
2019-20,Mizoram,Saiha,0,0,0,0,0,0,0,0,0,0,0,0,0,0,0,0,0,0,0,0,0,0,0,0,0,0,0,0,0,0,0,0
2019-20,Mizoram,Serchhip,0,0,0,0,0,0,0,0,0,0,0,0,0,0,0,0,0,0,0,0,0,0,0,0,0,0,0,0,0,0,0,0
2019-20,Mizoram,Spl Narcotic,0,0,0,0,0,0,0,0,0,0,0,0,0,0,0,0,0,0,0,0,0,0,0,0,0,0,0,0,0,0,0,0
2019-20,Mizoram,Saitual,0,0,0,0,0,0,0,0,0,0,0,0,0,0,0,0,0,0,0,0,0,0,0,0,0,0,0,0,0,0,0,0
2019-20,Mizoram,Khawzawl,0,0,0,0,0,0,0,0,0,0,0,0,0,0,0,0,0,0,0,0,0,0,0,0,0,0,0,0,0,0,0,0
2019-20,Mizoram,Hnahthial,0,0,0,0,0,0,0,0,0,0,0,0,0,0,0,0,0,0,0,0,0,0,0,0,0,0,0,0,0,0,0,0
2019-20,Mizoram,Cyber,0,0,0,0,0,0,0,0,0,0,0,0,0,0,0,0,0,0,0,0,0,0,0,0,0,0,0,0,0,0,0,0
2019-20,Mizoram,Total Districts ,0,0,0,0,0,0,0,0,0,0,0,0,0,0,0,0,0,0,0,0,0,0,0,0,0,0,0,0,0,0,0,0
2019-20,Nagaland,Dimapur,10,0,0,0,6,1,2,1,9,0,3,1,4,1,0,0,0,0,0,0,0,0,0,0,19,0,3,1,10,2,2,1
2019-20,Nagaland,Kiphire,0,0,0,0,0,0,0,0,0,0,0,0,0,0,0,0,0,0,0,0,0,0,0,0,0,0,0,0,0,0,0,0
2019-20,Nagaland,Kohima,4,0,2,2,0,0,0,0,18,0,5,8,4,1,0,0,0,0,0,0,0,0,0,0,22,0,7,10,4,1,0,0
2019-20,Nagaland,Longleng,0,0,0,0,0,0,0,0,0,0,0,0,0,0,0,0,0,0,0,0,0,0,0,0,0,0,0,0,0,0,0,0
2019-20,Nagaland,Mokokchung,0,0,0,0,0,0,0,0,0,0,0,0,0,0,0,0,0,0,0,0,0,0,0,0,0,0,0,0,0,0,0,0
2019-20,Nagaland,Mon,0,0,0,0,0,0,0,0,0,0,0,0,0,0,0,0,0,0,0,0,0,0,0,0,0,0,0,0,0,0,0,0
2019-20,Nagaland,Peren,0,0,0,0,0,0,0,0,0,0,0,0,0,0,0,0,0,0,0,0,0,0,0,0,0,0,0,0,0,0,0,0
2019-20,Nagaland,Phek,0,0,0,0,0,0,0,0,0,0,0,0,0,0,0,0,0,0,0,0,0,0,0,0,0,0,0,0,0,0,0,0
2019-20,Nagaland,Tuensang,0,0,0,0,0,0,0,0,0,0,0,0,0,0,0,0,0,0,0,0,0,0,0,0,0,0,0,0,0,0,0,0
2019-20,Nagaland,Wokha,0,0,0,0,0,0,0,0,0,0,0,0,0,0,0,0,0,0,0,0,0,0,0,0,0,0,0,0,0,0,0,0
2019-20,Nagaland,Zunheboto,0,0,0,0,0,0,0,0,0,0,0,0,0,0,0,0,0,0,0,0,0,0,0,0,0,0,0,0,0,0,0,0
2019-20,Nagaland,Total Districts ,14,0,2,2,6,1,2,1,27,0,8,9,8,2,0,0,0,0,0,0,0,0,0,0,41,0,10,11,14,3,2,1
2019-20,Odisha,Angul,0,0,0,0,0,0,0,0,0,0,0,0,0,0,0,0,0,0,0,0,0,0,0,0,0,0,0,0,0,0,0,0
2019-20,Odisha,Balasore,0,0,0,0,0,0,0,0,0,0,0,0,0,0,0,0,0,0,0,0,0,0,0,0,0,0,0,0,0,0,0,0
2019-20,Odisha,Baragarh,0,0,0,0,0,0,0,0,0,0,0,0,0,0,0,0,0,0,0,0,0,0,0,0,0,0,0,0,0,0,0,0
2019-20,Odisha,Berhampur,0,0,0,0,0,0,0,0,0,0,0,0,0,0,0,0,0,0,0,0,0,0,0,0,0,0,0,0,0,0,0,0
2019-20,Odisha,Bhadrak,0,0,0,0,0,0,0,0,0,0,0,0,0,0,0,0,0,0,0,0,0,0,0,0,0,0,0,0,0,0,0,0
2019-20,Odisha,Bolangir,0,0,0,0,0,0,0,0,0,0,0,0,0,0,0,0,0,0,0,0,0,0,0,0,0,0,0,0,0,0,0,0
2019-20,Odisha,Boudh,0,0,0,0,0,0,0,0,0,0,0,0,0,0,0,0,0,0,0,0,0,0,0,0,0,0,0,0,0,0,0,0
2019-20,Odisha,Cuttack,0,0,0,0,0,0,0,0,0,0,0,0,0,0,0,0,0,0,0,0,0,0,0,0,0,0,0,0,0,0,0,0
2019-20,Odisha,DCP BBSR,0,0,0,0,0,0,0,0,0,0,0,0,0,0,0,0,0,0,0,0,0,0,0,0,0,0,0,0,0,0,0,0
2019-20,Odisha,DCP CTC,0,0,0,0,0,0,0,0,0,0,0,0,0,0,0,0,0,0,0,0,0,0,0,0,0,0,0,0,0,0,0,0
2019-20,Odisha,Deogarh,0,0,0,0,0,0,0,0,0,0,0,0,0,0,0,0,0,0,0,0,0,0,0,0,0,0,0,0,0,0,0,0
2019-20,Odisha,Dhenkanal,55,0,2,4,21,20,8,0,255,0,8,31,199,14,3,0,0,0,0,0,0,0,0,0,310,0,10,35,220,34,11,0
2019-20,Odisha,Gajapati,0,0,0,0,0,0,0,0,0,0,0,0,0,0,0,0,0,0,0,0,0,0,0,0,0,0,0,0,0,0,0,0
2019-20,Odisha,Ganjam,0,0,0,0,0,0,0,0,0,0,0,0,0,0,0,0,0,0,0,0,0,0,0,0,0,0,0,0,0,0,0,0
2019-20,Odisha,Jagatsinghpur,0,0,0,0,0,0,0,0,0,0,0,0,0,0,0,0,0,0,0,0,0,0,0,0,0,0,0,0,0,0,0,0
2019-20,Odisha,Jajpur,0,0,0,0,0,0,0,0,0,0,0,0,0,0,0,0,0,0,0,0,0,0,0,0,0,0,0,0,0,0,0,0
2019-20,Odisha,Jharsuguda,0,0,0,0,0,0,0,0,0,0,0,0,0,0,0,0,0,0,0,0,0,0,0,0,0,0,0,0,0,0,0,0
2019-20,Odisha,Kalahandi,0,0,0,0,0,0,0,0,0,0,0,0,0,0,0,0,0,0,0,0,0,0,0,0,0,0,0,0,0,0,0,0
2019-20,Odisha,Kandhamal,0,0,0,0,0,0,0,0,0,0,0,0,0,0,0,0,0,0,0,0,0,0,0,0,0,0,0,0,0,0,0,0
2019-20,Odisha,Kendrapara,0,0,0,0,0,0,0,0,0,0,0,0,0,0,0,0,0,0,0,0,0,0,0,0,0,0,0,0,0,0,0,0
2019-20,Odisha,Keonjhar,0,0,0,0,0,0,0,0,0,0,0,0,0,0,0,0,0,0,0,0,0,0,0,0,0,0,0,0,0,0,0,0
2019-20,Odisha,Khurda,0,0,0,0,0,0,0,0,0,0,0,0,0,0,0,0,0,0,0,0,0,0,0,0,0,0,0,0,0,0,0,0
2019-20,Odisha,Koraput,0,0,0,0,0,0,0,0,0,0,0,0,0,0,0,0,0,0,0,0,0,0,0,0,0,0,0,0,0,0,0,0
2019-20,Odisha,Malkangiri,0,0,0,0,0,0,0,0,0,0,0,0,0,0,0,0,0,0,0,0,0,0,0,0,0,0,0,0,0,0,0,0
2019-20,Odisha,Mayurbhanj,0,0,0,0,0,0,0,0,0,0,0,0,0,0,0,0,0,0,0,0,0,0,0,0,0,0,0,0,0,0,0,0
2019-20,Odisha,Nayagarh,0,0,0,0,0,0,0,0,0,0,0,0,0,0,0,0,0,0,0,0,0,0,0,0,0,0,0,0,0,0,0,0
2019-20,Odisha,Nabarangpur,0,0,0,0,0,0,0,0,0,0,0,0,0,0,0,0,0,0,0,0,0,0,0,0,0,0,0,0,0,0,0,0
2019-20,Odisha,Nuapada,0,0,0,0,0,0,0,0,0,0,0,0,0,0,0,0,0,0,0,0,0,0,0,0,0,0,0,0,0,0,0,0
2019-20,Odisha,Puri,0,0,0,0,0,0,0,0,0,0,0,0,0,0,0,0,0,0,0,0,0,0,0,0,0,0,0,0,0,0,0,0
2019-20,Odisha,Rayagada,0,0,0,0,0,0,0,0,0,0,0,0,0,0,0,0,0,0,0,0,0,0,0,0,0,0,0,0,0,0,0,0
2019-20,Odisha,Rourkela,0,0,0,0,0,0,0,0,0,0,0,0,0,0,0,0,0,0,0,0,0,0,0,0,0,0,0,0,0,0,0,0
2019-20,Odisha,Sambalpur,0,0,0,0,0,0,0,0,0,0,0,0,0,0,0,0,0,0,0,0,0,0,0,0,0,0,0,0,0,0,0,0
2019-20,Odisha,Sonepur,0,0,0,0,0,0,0,0,0,0,0,0,0,0,0,0,0,0,0,0,0,0,0,0,0,0,0,0,0,0,0,0
2019-20,Odisha,SRP(Cuttack),0,0,0,0,0,0,0,0,0,0,0,0,0,0,0,0,0,0,0,0,0,0,0,0,0,0,0,0,0,0,0,0
2019-20,Odisha,SRP(Rourkela),0,0,0,0,0,0,0,0,0,0,0,0,0,0,0,0,0,0,0,0,0,0,0,0,0,0,0,0,0,0,0,0
2019-20,Odisha,Sundargarh,0,0,0,0,0,0,0,0,0,0,0,0,0,0,0,0,0,0,0,0,0,0,0,0,0,0,0,0,0,0,0,0
2019-20,Odisha,CID CB,2781,24,138,175,1085,728,395,236,11601,16,386,2115,7441,1280,214,149,0,0,0,0,0,0,0,0,14382,40,524,2290,8526,2008,609,385
2019-20,Odisha,Total Districts ,2836,24,140,179,1106,748,403,236,11856,16,394,2146,7640,1294,217,149,0,0,0,0,0,0,0,0,14692,40,534,2325,8746,2042,620,385
2019-20,Punjab,Amritsar Rural,32,2,3,0,7,12,5,3,90,1,7,59,13,7,2,1,0,0,0,0,0,0,0,0,122,3,10,59,20,19,7,4
2019-20,Punjab,Barnala,13,0,0,1,1,7,2,2,21,0,0,11,6,3,0,1,0,0,0,0,0,0,0,0,34,0,0,12,7,10,2,3
2019-20,Punjab,Batala,41,0,0,1,16,14,9,1,14,0,0,0,7,5,2,0,0,0,0,0,0,0,0,0,55,0,0,1,23,19,11,1
2019-20,Punjab,Bathinda,39,1,1,0,14,11,6,6,36,2,0,1,21,10,2,0,0,0,0,0,0,0,0,0,75,3,1,1,35,21,8,6
2019-20,Punjab,CP Amritsar,79,0,4,5,26,22,16,6,139,0,7,60,56,13,3,0,0,0,0,0,0,0,0,0,218,0,11,65,82,35,19,6
2019-20,Punjab,CP Jalandhar,140,0,0,0,64,48,17,11,172,0,0,0,135,30,4,3,0,0,0,0,0,0,0,0,312,0,0,0,199,78,21,14
2019-20,Punjab,CP Ludhiana,60,4,10,5,16,15,8,2,68,1,5,19,34,7,2,0,0,0,0,0,0,0,0,0,128,5,15,24,50,22,10,2
2019-20,Punjab,Faridkot,18,0,0,0,8,3,7,0,11,0,0,0,9,2,0,0,0,0,0,0,0,0,0,0,29,0,0,0,17,5,7,0
2019-20,Punjab,Fatehgarh Sahib,84,2,4,3,23,23,15,14,53,0,1,1,43,7,0,1,0,0,0,0,0,0,0,0,137,2,5,4,66,30,15,15
2019-20,Punjab,Fazilka,51,1,2,2,16,14,12,4,47,1,2,3,30,10,1,0,0,0,0,0,0,0,0,0,98,2,4,5,46,24,13,4
2019-20,Punjab,Ferozepur,59,0,0,0,20,15,17,7,64,0,2,29,21,4,3,5,0,0,0,0,0,0,0,0,123,0,2,29,41,19,20,12
2019-20,Punjab,GRP,2,1,0,0,0,0,1,0,3,1,0,0,2,0,0,0,0,0,0,0,0,0,0,0,5,2,0,0,2,0,1,0
2019-20,Punjab,Gurdaspur,15,0,0,2,6,2,2,3,9,0,0,0,1,5,1,2,0,0,0,0,0,0,0,0,24,0,0,2,7,7,3,5
2019-20,Punjab,Hoshiarpur,43,0,0,0,14,12,9,8,191,1,3,38,90,53,5,1,0,0,0,0,0,0,0,0,234,1,3,38,104,65,14,9
2019-20,Punjab,Jalandhar Rural,117,3,12,7,38,24,24,9,237,5,15,21,130,61,4,1,0,0,0,0,0,0,0,0,354,8,27,28,168,85,28,10
2019-20,Punjab,Kapurthala,29,0,0,0,13,11,5,0,25,0,0,0,16,8,0,1,0,0,0,0,0,0,0,0,54,0,0,0,29,19,5,1
2019-20,Punjab,Khanna,42,0,2,1,11,18,4,6,49,0,1,8,27,9,3,1,0,0,0,0,0,0,0,0,91,0,3,9,38,27,7,7
2019-20,Punjab,Ludhiana Rural,26,0,0,0,9,9,4,4,9,0,0,0,6,3,0,0,0,0,0,0,0,0,0,0,35,0,0,0,15,12,4,4
2019-20,Punjab,Mansa,4,0,0,0,0,1,3,0,5,0,0,0,3,2,0,0,0,0,0,0,0,0,0,0,9,0,0,0,3,3,3,0
2019-20,Punjab,Moga,65,0,3,0,25,18,12,7,37,1,0,1,22,11,1,1,0,0,0,0,0,0,0,0,102,1,3,1,47,29,13,8
2019-20,Punjab,Muktsar,53,0,0,1,11,30,7,4,44,1,1,0,26,11,4,1,0,0,0,0,0,0,0,0,97,1,1,1,37,41,11,5
2019-20,Punjab,Pathankot,22,2,0,0,2,12,5,1,16,0,0,0,9,4,3,0,0,0,0,0,0,0,0,0,38,2,0,0,11,16,8,1
2019-20,Punjab,Patiala,60,1,4,10,21,13,10,1,213,6,12,83,92,18,2,0,0,0,0,0,0,0,0,0,273,7,16,93,113,31,12,1
2019-20,Punjab,Ropar,42,1,2,1,14,14,6,4,40,1,3,19,9,3,3,2,0,0,0,0,0,0,0,0,82,2,5,20,23,17,9,6
2019-20,Punjab,Sangrur,28,4,2,2,10,5,4,1,113,2,10,67,27,5,2,0,0,0,0,0,0,0,0,0,141,6,12,69,37,10,6,1
2019-20,Punjab,SAS Nagar,18,0,0,0,5,7,5,1,24,0,0,2,12,8,1,1,0,0,0,0,0,0,0,0,42,0,0,2,17,15,6,2
2019-20,Punjab,SBS Nagar,20,0,2,0,3,6,3,6,30,0,9,6,7,7,1,0,0,0,0,0,0,0,0,0,50,0,11,6,10,13,4,6
2019-20,Punjab,Tarn Taran,49,1,1,6,12,14,11,4,24,0,1,3,8,7,4,1,0,0,0,0,0,0,0,0,73,1,2,9,20,21,15,5
2019-20,Punjab,Bureau of Investigation,0,0,0,0,0,0,0,0,0,0,0,0,0,0,0,0,0,0,0,0,0,0,0,0,0,0,0,0,0,0,0,0
2019-20,Punjab,Intelligence Wing,0,0,0,0,0,0,0,0,0,0,0,0,0,0,0,0,0,0,0,0,0,0,0,0,0,0,0,0,0,0,0,0
2019-20,Punjab,NRI Wing,0,0,0,0,0,0,0,0,0,0,0,0,0,0,0,0,0,0,0,0,0,0,0,0,0,0,0,0,0,0,0,0
2019-20,Punjab,Special Task Force,0,0,0,0,0,0,0,0,0,0,0,0,0,0,0,0,0,0,0,0,0,0,0,0,0,0,0,0,0,0,0,0
2019-20,Punjab,Total Districts ,1251,23,52,47,405,380,229,115,1784,23,79,431,862,313,53,23,0,0,0,0,0,0,0,0,3035,46,131,478,1267,693,282,138
2019-20,Rajasthan,Ajmer,285,7,21,18,92,80,54,13,947,7,35,137,544,190,27,7,0,0,0,0,0,0,0,0,1232,14,56,155,636,270,81,20
2019-20,Rajasthan,Alwar,128,1,7,14,31,42,26,7,309,0,10,63,147,77,9,3,0,0,0,0,0,0,0,0,437,1,17,77,178,119,35,10
2019-20,Rajasthan,Banswara,75,0,0,1,41,20,11,2,251,0,0,5,152,85,9,0,0,0,0,0,0,0,0,0,326,0,0,6,193,105,20,2
2019-20,Rajasthan,Baran,87,1,1,10,31,22,14,8,428,1,6,67,301,49,1,3,0,0,0,0,0,0,0,0,515,2,7,77,332,71,15,11
2019-20,Rajasthan,Barmer,41,1,0,4,20,8,6,2,173,1,10,38,112,10,1,1,0,0,0,0,0,0,0,0,214,2,10,42,132,18,7,3
2019-20,Rajasthan,Bharatpur,113,1,7,6,59,25,10,5,178,0,5,4,113,34,16,6,0,0,0,0,0,0,0,0,291,1,12,10,172,59,26,11
2019-20,Rajasthan,Bhilwara,170,1,2,8,101,41,11,6,949,0,10,195,631,100,8,5,0,0,0,0,0,0,0,0,1119,1,12,203,732,141,19,11
2019-20,Rajasthan,Bikaner,0,0,0,0,0,0,0,0,0,0,0,0,0,0,0,0,0,0,0,0,0,0,0,0,0,0,0,0,0,0,0,0
2019-20,Rajasthan,Bundi,74,0,3,3,46,13,6,3,436,0,13,84,336,3,0,0,0,0,0,0,0,0,0,0,510,0,16,87,382,16,6,3
2019-20,Rajasthan,Chittorgarh,141,0,0,9,81,33,15,3,717,0,10,144,486,71,5,1,0,0,0,0,0,0,0,0,858,0,10,153,567,104,20,4
2019-20,Rajasthan,Churu,63,0,1,6,27,23,5,1,265,0,4,31,207,22,1,0,0,0,0,0,0,0,0,0,328,0,5,37,234,45,6,1
2019-20,Rajasthan,Dausa,162,1,2,7,76,45,26,5,168,0,6,20,95,37,9,1,0,0,0,0,0,0,0,0,330,1,8,27,171,82,35,6
2019-20,Rajasthan,Dholpur,42,2,5,0,19,10,4,2,87,2,0,0,63,20,1,1,0,0,0,0,0,0,0,0,129,4,5,0,82,30,5,3
2019-20,Rajasthan,Dungarpur,53,0,1,3,32,10,6,1,313,0,9,44,212,45,3,0,0,0,0,0,0,0,0,0,366,0,10,47,244,55,9,1
2019-20,Rajasthan,GRP Ajmer,6,0,1,0,2,0,0,3,1,0,0,0,1,0,0,0,0,0,0,0,0,0,0,0,7,0,1,0,3,0,0,3
2019-20,Rajasthan,GRP Jodhpur,6,0,1,0,2,0,3,0,3,0,0,1,0,1,1,0,0,0,0,0,0,0,0,0,9,0,1,1,2,1,4,0
2019-20,Rajasthan,Ganganagar,284,0,4,12,82,107,55,24,1417,0,2,2,66,754,508,85,0,0,0,0,0,0,0,0,1701,0,6,14,148,861,563,109
2019-20,Rajasthan,Hanumangarh,132,0,1,6,72,28,20,5,412,1,6,51,305,45,4,0,0,0,0,0,0,0,0,0,544,1,7,57,377,73,24,5
2019-20,Rajasthan,Jaipur East,186,0,4,2,91,51,24,14,338,3,8,6,221,77,12,11,0,0,0,0,0,0,0,0,524,3,12,8,312,128,36,25
2019-20,Rajasthan,Jaipur North,166,4,5,9,77,42,15,14,351,1,9,59,237,40,4,1,0,0,0,0,0,0,0,0,517,5,14,68,314,82,19,15
2019-20,Rajasthan,Jaipur Rural,180,2,0,3,61,51,31,32,243,25,3,27,123,40,12,13,0,0,0,0,0,0,0,0,423,27,3,30,184,91,43,45
2019-20,Rajasthan,Jaipur South,220,1,10,23,98,49,30,9,402,1,18,79,246,45,8,5,0,0,0,0,0,0,0,0,622,2,28,102,344,94,38,14
2019-20,Rajasthan,Jaipur West,234,0,6,26,86,65,21,30,390,0,11,88,247,34,7,3,0,0,0,0,0,0,0,0,624,0,17,114,333,99,28,33
2019-20,Rajasthan,Jaisalmer,19,0,1,0,9,4,2,3,47,0,3,7,30,7,0,0,0,0,0,0,0,0,0,0,66,0,4,7,39,11,2,3
2019-20,Rajasthan,Jalore,56,0,1,4,28,17,4,2,334,0,4,58,231,37,3,1,0,0,0,0,0,0,0,0,390,0,5,62,259,54,7,3
2019-20,Rajasthan,Jhalawar,88,0,3,7,45,25,6,2,504,0,27,98,320,44,8,7,0,0,0,0,0,0,0,0,592,0,30,105,365,69,14,9
2019-20,Rajasthan,Jhunjhunu,82,0,4,6,33,20,14,5,434,0,9,50,339,33,2,1,0,0,0,0,0,0,0,0,516,0,13,56,372,53,16,6
2019-20,Rajasthan,Jodhpur East,89,1,1,1,48,25,12,1,209,2,5,30,149,15,7,1,0,0,0,0,0,0,0,0,298,3,6,31,197,40,19,2
2019-20,Rajasthan,Jodhpur West,151,0,4,13,62,54,15,3,255,0,8,41,143,55,6,2,0,0,0,0,0,0,0,0,406,0,12,54,205,109,21,5
2019-20,Rajasthan,Jodhpur Rural,65,0,3,7,39,10,4,2,175,0,6,39,115,15,0,0,0,0,0,0,0,0,0,0,240,0,9,46,154,25,4,2
2019-20,Rajasthan,Karauli,49,0,1,6,19,18,3,2,87,0,1,3,50,27,2,4,0,0,0,0,0,0,0,0,136,0,2,9,69,45,5,6
2019-20,Rajasthan,Kota City,246,2,6,27,77,73,38,23,632,0,6,104,402,91,21,8,0,0,0,0,0,0,0,0,878,2,12,131,479,164,59,31
2019-20,Rajasthan,Kota Rural,67,0,4,1,30,22,9,1,384,0,9,66,258,45,5,1,0,0,0,0,0,0,0,0,451,0,13,67,288,67,14,2
2019-20,Rajasthan,Nagaur,125,0,2,12,76,18,17,0,450,0,10,83,333,20,4,0,0,0,0,0,0,0,0,0,575,0,12,95,409,38,21,0
2019-20,Rajasthan,Pali,315,28,32,10,102,87,37,19,1023,37,30,9,732,186,22,7,0,0,0,0,0,0,0,0,1338,65,62,19,834,273,59,26
2019-20,Rajasthan,Pratapgarh,53,0,0,6,25,18,4,0,277,0,0,71,185,18,1,2,0,0,0,0,0,0,0,0,330,0,0,77,210,36,5,2
2019-20,Rajasthan,Rajsamand,94,0,4,7,51,19,10,3,672,0,6,99,482,75,6,4,0,0,0,0,0,0,0,0,766,0,10,106,533,94,16,7
2019-20,Rajasthan,Sawai Madhopur,34,0,3,5,14,4,7,1,125,0,2,4,106,11,2,0,0,0,0,0,0,0,0,0,159,0,5,9,120,15,9,1
2019-20,Rajasthan,Sikar,146,1,9,15,66,26,22,7,516,0,9,89,357,55,4,2,0,0,0,0,0,0,0,0,662,1,18,104,423,81,26,9
2019-20,Rajasthan,Sirohi,57,0,1,4,31,16,3,2,313,0,6,30,228,42,6,1,0,0,0,0,0,0,0,0,370,0,7,34,259,58,9,3
2019-20,Rajasthan,Tonk,54,0,0,5,26,15,1,7,266,0,1,15,203,40,6,1,0,0,0,0,0,0,0,0,320,0,1,20,229,55,7,8
2019-20,Rajasthan,Udaipur,199,0,6,3,80,89,18,3,851,0,8,92,490,206,53,2,0,0,0,0,0,0,0,0,1050,0,14,95,570,295,71,5
2019-20,Rajasthan,Jaipur Metro,0,0,0,0,0,0,0,0,0,0,0,0,0,0,0,0,0,0,0,0,0,0,0,0,0,0,0,0,0,0,0,0
2019-20,Rajasthan,SCRB,0,0,0,0,0,0,0,0,0,0,0,0,0,0,0,0,0,0,0,0,0,0,0,0,0,0,0,0,0,0,0,0
2019-20,Rajasthan,SOG,0,0,0,0,0,0,0,0,0,0,0,0,0,0,0,0,0,0,0,0,0,0,0,0,0,0,0,0,0,0,0,0
2019-20,Rajasthan,SSB,0,0,0,0,0,0,0,0,0,0,0,0,0,0,0,0,0,0,0,0,0,0,0,0,0,0,0,0,0,0,0,0
2019-20,Rajasthan,Jaipur Crime,0,0,0,0,0,0,0,0,0,0,0,0,0,0,0,0,0,0,0,0,0,0,0,0,0,0,0,0,0,0,0,0
2019-20,Rajasthan,Bhiwadi,107,0,7,14,53,23,7,3,269,1,13,75,139,38,3,0,0,0,0,0,0,0,0,0,376,1,20,89,192,61,10,3
2019-20,Rajasthan,Total Districts ,4944,54,174,323,2141,1348,626,278,16601,82,338,2208,10137,2839,807,190,0,0,0,0,0,0,0,0,21545,136,512,2531,12278,4187,1433,468
2019-20,Sikkim,East,20,0,0,0,9,4,5,2,50,0,3,4,30,13,0,0,0,0,0,0,0,0,0,0,70,0,3,4,39,17,5,2
2019-20,Sikkim,North,1,0,0,0,1,0,0,0,0,0,0,0,0,0,0,0,0,0,0,0,0,0,0,0,1,0,0,0,1,0,0,0
2019-20,Sikkim,South,12,0,0,0,1,9,2,0,23,0,0,2,12,9,0,0,0,0,0,0,0,0,0,0,35,0,0,2,13,18,2,0
2019-20,Sikkim,West,5,0,0,0,1,4,0,0,22,0,0,2,7,13,0,0,0,0,0,0,0,0,0,0,27,0,0,2,8,17,0,0
2019-20,Sikkim,Total Districts ,38,0,0,0,12,17,7,2,95,0,3,8,49,35,0,0,0,0,0,0,0,0,0,0,133,0,3,8,61,52,7,2
2019-20,Tamil Nadu,Ariyalur,47,3,7,3,17,9,4,4,241,5,6,53,159,11,4,3,0,0,0,0,0,0,0,0,288,8,13,56,176,20,8,7
2019-20,Tamil Nadu,Chennai,1082,36,71,73,256,289,151,206,2097,36,66,449,1126,209,83,128,1,0,0,0,0,1,0,0,3180,72,137,522,1382,499,234,334
2019-20,Tamil Nadu,Coimbatore,129,7,14,0,23,32,28,25,374,4,33,112,125,75,13,12,1,0,0,0,0,0,1,0,504,11,47,112,148,107,42,37
2019-20,Tamil Nadu,Coimbatore City,111,4,12,12,18,29,20,16,230,2,19,55,104,37,8,5,0,0,0,0,0,0,0,0,341,6,31,67,122,66,28,21
2019-20,Tamil Nadu,Cuddalore,81,0,4,8,27,19,13,10,294,0,4,37,220,19,6,8,0,0,0,0,0,0,0,0,375,0,8,45,247,38,19,18
2019-20,Tamil Nadu,Dharmapuri,30,1,6,2,5,5,8,3,133,2,8,57,42,21,2,1,0,0,0,0,0,0,0,0,163,3,14,59,47,26,10,4
2019-20,Tamil Nadu,Dindigul,68,6,12,6,11,12,9,12,230,7,6,85,103,19,2,8,0,0,0,0,0,0,0,0,298,13,18,91,114,31,11,20
2019-20,Tamil Nadu,Erode,139,14,19,3,24,41,22,16,517,15,23,117,233,107,14,8,0,0,0,0,0,0,0,0,656,29,42,120,257,148,36,24
2019-20,Tamil Nadu,Kanchipuram,76,1,4,9,27,15,8,12,253,1,3,30,112,76,18,13,0,0,0,0,0,0,0,0,329,2,7,39,139,91,26,25
2019-20,Tamil Nadu,Kanyakumari,158,10,20,3,26,34,34,31,255,13,16,1,138,64,13,10,0,0,0,0,0,0,0,0,413,23,36,4,164,98,47,41
2019-20,Tamil Nadu,Karur,57,6,3,4,18,10,6,10,187,4,4,51,111,14,1,2,0,0,0,0,0,0,0,0,244,10,7,55,129,24,7,12
2019-20,Tamil Nadu,Krishnagiri,57,1,9,3,14,16,9,5,133,5,8,31,68,15,4,2,0,0,0,0,0,0,0,0,190,6,17,34,82,31,13,7
2019-20,Tamil Nadu,Madurai,126,8,14,12,9,51,25,7,377,10,18,81,174,65,23,6,0,0,0,0,0,0,0,0,503,18,32,93,183,116,48,13
2019-20,Tamil Nadu,Madurai City,136,5,18,7,31,21,31,23,370,12,11,44,231,40,9,23,0,0,0,0,0,0,0,0,506,17,29,51,262,61,40,46
2019-20,Tamil Nadu,Nagapattinam,41,5,6,0,8,9,6,7,191,9,6,31,92,47,5,1,0,0,0,0,0,0,0,0,232,14,12,31,100,56,11,8
2019-20,Tamil Nadu,Namakkal,70,8,6,8,10,17,10,11,275,9,14,62,128,54,4,4,0,0,0,0,0,0,0,0,345,17,20,70,138,71,14,15
2019-20,Tamil Nadu,Nilgiris,30,5,4,4,5,5,4,3,87,1,11,25,43,4,1,2,0,0,0,0,0,0,0,0,117,6,15,29,48,9,5,5
2019-20,Tamil Nadu,Perambalur,24,1,0,3,8,6,1,5,115,1,2,32,63,12,4,1,0,0,0,0,0,0,0,0,139,2,2,35,71,18,5,6
2019-20,Tamil Nadu,Pudukottai,72,3,9,4,16,22,10,8,320,1,8,57,191,50,8,5,0,0,0,0,0,0,0,0,392,4,17,61,207,72,18,13
2019-20,Tamil Nadu,Ramnathapuram,71,11,7,6,16,19,3,9,267,11,4,37,182,22,8,3,0,0,0,0,0,0,0,0,338,22,11,43,198,41,11,12
2019-20,Tamil Nadu,Railway Chennai,7,2,0,2,2,1,0,0,10,2,0,4,3,0,0,1,0,0,0,0,0,0,0,0,17,4,0,6,5,1,0,1
2019-20,Tamil Nadu,Railway Trichy,0,0,0,0,0,0,0,0,2,0,0,1,1,0,0,0,0,0,0,0,0,0,0,0,2,0,0,1,1,0,0,0
2019-20,Tamil Nadu,Salem,62,1,7,9,8,12,14,11,256,0,56,69,53,29,38,11,0,0,0,0,0,0,0,0,318,1,63,78,61,41,52,22
2019-20,Tamil Nadu,Salem City,105,8,12,16,22,20,16,11,237,11,16,44,138,20,3,5,0,0,0,0,0,0,0,0,342,19,28,60,160,40,19,16
2019-20,Tamil Nadu,Sivagangai,37,2,3,2,4,13,6,7,151,3,8,36,67,32,5,0,0,0,0,0,0,0,0,0,188,5,11,38,71,45,11,7
2019-20,Tamil Nadu,Thanjavur,95,7,9,5,12,26,22,14,359,15,6,79,202,44,8,5,0,0,0,0,0,0,0,0,454,22,15,84,214,70,30,19
2019-20,Tamil Nadu,Theni,52,5,8,5,12,13,5,4,133,2,10,61,45,10,3,2,0,0,0,0,0,0,0,0,185,7,18,66,57,23,8,6
2019-20,Tamil Nadu,Thirunelveli,61,8,12,2,11,6,15,7,226,8,13,54,82,58,6,5,0,0,0,0,0,0,0,0,287,16,25,56,93,64,21,12
2019-20,Tamil Nadu,Thirunelveli City,46,1,5,9,8,9,8,6,126,3,4,16,48,22,26,7,0,0,0,0,0,0,0,0,172,4,9,25,56,31,34,13
2019-20,Tamil Nadu,Thiruvallur,190,9,23,15,42,47,37,17,588,0,26,99,372,59,17,15,0,0,0,0,0,0,0,0,778,9,49,114,414,106,54,32
2019-20,Tamil Nadu,Thiruvannamalai,84,10,8,5,25,15,10,11,421,7,6,101,275,16,8,8,0,0,0,0,0,0,0,0,505,17,14,106,300,31,18,19
2019-20,Tamil Nadu,Thiruvarur,40,3,6,7,9,8,3,4,143,4,7,13,91,25,3,0,0,0,0,0,0,0,0,0,183,7,13,20,100,33,6,4
2019-20,Tamil Nadu,Thoothukudi,105,7,13,10,26,25,11,13,336,12,17,83,187,26,3,8,0,0,0,0,0,0,0,0,441,19,30,93,213,51,14,21
2019-20,Tamil Nadu,Tiruppur,60,0,3,2,13,18,12,12,255,0,14,66,135,29,5,6,0,0,0,0,0,0,0,0,315,0,17,68,148,47,17,18
2019-20,Tamil Nadu,Tiruppur City,85,9,9,9,13,20,16,9,240,7,9,59,116,39,6,4,0,0,0,0,0,0,0,0,325,16,18,68,129,59,22,13
2019-20,Tamil Nadu,Trichy,87,5,14,8,19,16,11,14,321,9,8,67,192,27,6,12,0,0,0,0,0,0,0,0,408,14,22,75,211,43,17,26
2019-20,Tamil Nadu,Trichy City,76,8,5,7,9,18,14,15,172,4,7,39,85,27,4,6,0,0,0,0,0,0,0,0,248,12,12,46,94,45,18,21
2019-20,Tamil Nadu,Vellore,79,2,8,2,12,26,22,7,271,9,13,55,135,42,9,8,0,0,0,0,0,0,0,0,350,11,21,57,147,68,31,15
2019-20,Tamil Nadu,Villupuram,92,0,2,4,25,27,25,9,358,0,2,48,243,56,5,4,0,0,0,0,0,0,0,0,450,0,4,52,268,83,30,13
2019-20,Tamil Nadu,Virudhunagar,94,15,16,10,11,23,13,6,289,9,20,88,124,41,2,5,0,0,0,0,0,0,0,0,383,24,36,98,135,64,15,11
2019-20,Tamil Nadu,Cyber Cell,0,0,0,0,0,0,0,0,0,0,0,0,0,0,0,0,0,0,0,0,0,0,0,0,0,0,0,0,0,0,0,0
2019-20,Tamil Nadu,Other Units,0,0,0,0,0,0,0,0,0,0,0,0,0,0,0,0,0,0,0,0,0,0,0,0,0,0,0,0,0,0,0,0
2019-20,Tamil Nadu,Chengalpattu,95,11,12,6,11,21,15,19,340,7,15,49,218,36,12,3,0,0,0,0,0,0,0,0,435,18,27,55,229,57,27,22
2019-20,Tamil Nadu,Kallakurichi,21,1,2,2,7,6,2,1,99,2,3,32,47,12,2,1,0,0,0,0,0,0,0,0,120,3,5,34,54,18,4,2
2019-20,Tamil Nadu,Ranipet,73,6,10,6,21,13,10,7,255,4,10,50,169,19,2,1,0,0,0,0,0,0,0,0,328,10,20,56,190,32,12,8
2019-20,Tamil Nadu,Tiruppattur,72,11,8,8,13,23,5,4,205,11,4,9,131,44,4,2,0,0,0,0,0,0,0,0,277,22,12,17,144,67,9,6
2019-20,Tamil Nadu,Tenkasi,58,9,5,5,9,14,7,9,198,9,9,37,95,40,3,5,0,0,0,0,0,0,0,0,256,18,14,42,104,54,10,14
2019-20,Tamil Nadu,Total Districts ,4381,275,445,326,913,1081,701,640,12937,286,553,2706,6899,1714,410,369,2,0,0,0,0,1,1,0,17320,561,998,3032,7812,2796,1112,1009
2019-20,Telangana,Cyberabad Commissionerate,1593,41,95,123,510,476,218,130,2079,35,88,93,1366,340,98,59,0,0,0,0,0,0,0,0,3672,76,183,216,1876,816,316,189
2019-20,Telangana,Hyderabad Commissionerate,1476,13,94,156,579,378,205,51,1994,13,104,339,963,395,126,54,0,0,0,0,0,0,0,0,3470,26,198,495,1542,773,331,105
2019-20,Telangana,Karimnagar Commissionerate,124,8,9,6,15,54,19,13,290,6,13,40,158,62,9,2,0,0,0,0,0,0,0,0,414,14,22,46,173,116,28,15
2019-20,Telangana,Khammam Commissionerate,114,0,7,1,56,25,19,6,305,1,4,1,254,39,4,2,0,0,0,0,0,0,0,0,419,1,11,2,310,64,23,8
2019-20,Telangana,Nizamabad Commissionerate,197,16,11,7,65,56,28,14,364,16,18,54,223,33,9,11,0,0,0,0,0,0,0,0,561,32,29,61,288,89,37,25
2019-20,Telangana,Rachakonda Commissionerate,1124,18,71,142,734,71,81,7,1628,18,52,110,973,423,43,9,0,0,0,0,0,0,0,0,2752,36,123,252,1707,494,124,16
2019-20,Telangana,Ramagundam Commissionerate,106,0,2,9,41,30,13,11,324,0,0,6,278,31,8,1,0,0,0,0,0,0,0,0,430,0,2,15,319,61,21,12
2019-20,Telangana,Siddipet Commissionerate,146,12,11,12,33,49,19,10,367,12,13,43,235,53,5,6,0,0,0,0,0,0,0,0,513,24,24,55,268,102,24,16
2019-20,Telangana,Warangal Commissionerate,253,11,14,26,87,80,23,12,621,9,24,121,395,49,14,9,0,0,0,0,0,0,0,0,874,20,38,147,482,129,37,21
2019-20,Telangana,Adilabad,31,0,3,2,11,8,6,1,78,3,1,5,56,10,1,2,0,0,0,0,0,0,0,0,109,3,4,7,67,18,7,3
2019-20,Telangana,Bhadradri Kothagudem,100,2,16,0,36,26,14,6,263,4,5,3,197,42,7,5,0,0,0,0,0,0,0,0,363,6,21,3,233,68,21,11
2019-20,Telangana,Jagityal,65,5,1,9,23,17,10,0,234,2,3,55,135,34,3,2,0,0,0,0,0,0,0,0,299,7,4,64,158,51,13,2
2019-20,Telangana,Jayashankar Bhupalpalli,22,0,3,0,8,2,9,0,90,0,5,0,56,15,10,4,0,0,0,0,0,0,0,0,112,0,8,0,64,17,19,4
2019-20,Telangana,Jogulamba Gadwal,29,1,6,4,9,8,1,0,122,1,4,36,74,6,1,0,0,0,0,0,0,0,0,0,151,2,10,40,83,14,2,0
2019-20,Telangana,Kamareddy ,122,15,12,5,26,34,26,4,262,9,16,41,136,47,9,4,0,0,0,0,0,0,0,0,384,24,28,46,162,81,35,8
2019-20,Telangana,Kumaram Bheem Asifabad,44,0,2,7,8,16,6,5,60,1,3,4,38,12,1,1,0,0,0,0,0,0,0,0,104,1,5,11,46,28,7,6
2019-20,Telangana,Mahabubabad,43,2,7,3,17,7,4,3,147,4,1,43,85,12,1,1,1,0,0,0,1,0,0,0,191,6,8,46,103,19,5,4
2019-20,Telangana,Mahabubnagar,96,13,15,5,30,14,12,7,251,7,6,4,204,18,6,6,0,0,0,0,0,0,0,0,347,20,21,9,234,32,18,13
2019-20,Telangana,Medak,101,11,19,6,24,20,15,6,170,3,10,17,111,22,4,3,0,0,0,0,0,0,0,0,271,14,29,23,135,42,19,9
2019-20,Telangana,Nagarkurnool,42,0,7,1,13,15,4,2,145,3,5,17,93,26,1,0,0,0,0,0,0,0,0,0,187,3,12,18,106,41,5,2
2019-20,Telangana,Nalgonda,80,4,9,5,28,22,8,4,295,5,7,29,213,32,8,1,0,0,0,0,0,0,0,0,375,9,16,34,241,54,16,5
2019-20,Telangana,Nirmal,55,5,1,2,20,13,8,6,116,4,2,17,87,3,1,2,0,0,0,0,0,0,0,0,171,9,3,19,107,16,9,8
2019-20,Telangana,Rajanna Siricilla,30,0,0,1,12,6,8,3,107,0,0,5,89,8,3,2,0,0,0,0,0,0,0,0,137,0,0,6,101,14,11,5
2019-20,Telangana,Sangareddy,208,15,25,6,37,80,35,10,406,8,17,100,214,52,14,1,0,0,0,0,0,0,0,0,614,23,42,106,251,132,49,11
2019-20,Telangana,Suryapet,63,5,6,7,18,11,12,4,186,3,7,20,114,33,6,3,0,0,0,0,0,0,0,0,249,8,13,27,132,44,18,7
2019-20,Telangana,Vikarabad,58,5,7,6,18,14,4,4,193,1,3,12,142,23,9,3,0,0,0,0,0,0,0,0,251,6,10,18,160,37,13,7
2019-20,Telangana,Wanaparthy,32,3,4,5,16,4,0,0,179,0,6,63,44,65,1,0,0,0,0,0,0,0,0,0,211,3,10,68,60,69,1,0
2019-20,Telangana,Railway Police Secunderabad,9,0,0,0,4,2,2,1,3,0,0,0,2,1,0,0,0,0,0,0,0,0,0,0,12,0,0,0,6,3,2,1
2019-20,Telangana,Mulug,24,0,5,0,7,9,3,0,41,0,1,0,12,22,6,0,0,0,0,0,0,0,0,0,65,0,6,0,19,31,9,0
2019-20,Telangana,Narayanpet,29,0,2,5,0,18,4,0,84,0,4,2,47,22,9,0,0,0,0,0,0,0,0,0,113,0,6,7,47,40,13,0
2019-20,Telangana,Total Districts ,6416,205,464,561,2485,1565,816,320,11404,168,422,1280,6994,1930,417,193,1,0,0,0,1,0,0,0,17821,373,886,1841,9480,3495,1233,513
2019-20,Tripura,Dhalai,29,0,0,2,9,11,6,1,55,0,0,4,27,22,2,0,0,0,0,0,0,0,0,0,84,0,0,6,36,33,8,1
2019-20,Tripura,Gomati,33,0,0,1,4,17,11,0,207,0,2,10,123,58,13,1,0,0,0,0,0,0,0,0,240,0,2,11,127,75,24,1
2019-20,Tripura,GRP,0,0,0,0,0,0,0,0,0,0,0,0,0,0,0,0,0,0,0,0,0,0,0,0,0,0,0,0,0,0,0,0
2019-20,Tripura,Kowai,39,0,0,0,6,25,7,1,57,0,0,4,21,28,3,1,0,0,0,0,0,0,0,0,96,0,0,4,27,53,10,2
2019-20,Tripura,North,5,0,0,0,2,3,0,0,14,0,4,1,1,8,0,0,0,0,0,0,0,0,0,0,19,0,4,1,3,11,0,0
2019-20,Tripura,Sipahijala,26,1,1,2,8,11,2,1,102,0,0,11,76,13,2,0,0,0,0,0,0,0,0,0,128,1,1,13,84,24,4,1
2019-20,Tripura,South,45,3,2,3,7,22,6,2,112,3,4,15,55,31,3,1,0,0,0,0,0,0,0,0,157,6,6,18,62,53,9,3
2019-20,Tripura,Unakoti,16,0,0,0,8,7,1,0,44,0,1,6,30,6,1,0,0,0,0,0,0,0,0,0,60,0,1,6,38,13,2,0
2019-20,Tripura,West,149,5,6,5,23,71,32,7,379,2,4,25,175,144,24,5,0,0,0,0,0,0,0,0,528,7,10,30,198,215,56,12
2019-20,Tripura,Total Districts ,342,9,9,13,67,167,65,12,970,5,15,76,508,310,48,8,0,0,0,0,0,0,0,0,1312,14,24,89,575,477,113,20
2019-20,Uttar Pradesh,Agra,142,0,5,7,61,34,20,15,154,0,3,8,107,30,3,3,0,0,0,0,0,0,0,0,296,0,8,15,168,64,23,18
2019-20,Uttar Pradesh,Aligarh,73,0,6,9,35,11,6,6,70,0,0,10,49,10,0,1,0,0,0,0,0,0,0,0,143,0,6,19,84,21,6,7
2019-20,Uttar Pradesh,Prayagraj,113,0,7,15,46,20,17,8,155,0,7,46,76,16,8,2,0,0,0,0,0,0,0,0,268,0,14,61,122,36,25,10
2019-20,Uttar Pradesh,Ambedkar Nagar,13,0,0,3,4,2,4,0,26,0,1,3,18,2,0,2,0,0,0,0,0,0,0,0,39,0,1,6,22,4,4,2
2019-20,Uttar Pradesh,Amethi,20,0,1,0,8,6,3,2,19,0,0,6,10,3,0,0,0,0,0,0,0,0,0,0,39,0,1,6,18,9,3,2
2019-20,Uttar Pradesh,Amroha,2,0,1,1,0,0,0,0,9,0,9,0,0,0,0,0,0,0,0,0,0,0,0,0,11,0,10,1,0,0,0,0
2019-20,Uttar Pradesh,Auraiya,16,0,2,2,7,3,1,1,20,0,0,8,9,3,0,0,0,0,0,0,0,0,0,0,36,0,2,10,16,6,1,1
2019-20,Uttar Pradesh,Azamgarh,108,0,14,13,20,23,30,8,176,0,10,24,100,37,4,1,0,0,0,0,0,0,0,0,284,0,24,37,120,60,34,9
2019-20,Uttar Pradesh,Badaun,44,1,4,6,11,13,7,2,78,0,5,19,35,15,3,1,0,0,0,0,0,0,0,0,122,1,9,25,46,28,10,3
2019-20,Uttar Pradesh,Baghpat,81,0,3,1,44,19,12,2,76,0,1,11,52,9,3,0,0,0,0,0,0,0,0,0,157,0,4,12,96,28,15,2
2019-20,Uttar Pradesh,Bahraich,66,0,0,1,31,14,12,8,72,0,4,5,55,7,1,0,0,0,0,0,0,0,0,0,138,0,4,6,86,21,13,8
2019-20,Uttar Pradesh,Ballia,63,1,4,2,19,21,10,6,69,0,3,10,32,15,6,3,0,0,0,0,0,0,0,0,132,1,7,12,51,36,16,9
2019-20,Uttar Pradesh,Balrampur,30,0,2,4,16,6,1,1,44,0,0,11,24,6,3,0,0,0,0,0,0,0,0,0,74,0,2,15,40,12,4,1
2019-20,Uttar Pradesh,Banda,11,0,0,3,2,2,2,2,24,0,1,4,16,2,1,0,0,0,0,0,0,0,0,0,35,0,1,7,18,4,3,2
2019-20,Uttar Pradesh,Barabanki,49,0,4,13,14,12,3,3,71,0,4,19,34,9,2,3,0,0,0,0,0,0,0,0,120,0,8,32,48,21,5,6
2019-20,Uttar Pradesh,Bareilly,39,0,3,4,16,11,2,3,69,1,4,7,42,12,3,0,0,0,0,0,0,0,0,0,108,1,7,11,58,23,5,3
2019-20,Uttar Pradesh,Basti,0,0,0,0,0,0,0,0,0,0,0,0,0,0,0,0,0,0,0,0,0,0,0,0,0,0,0,0,0,0,0,0
2019-20,Uttar Pradesh,Bijnor,89,1,3,3,31,33,13,5,142,1,1,6,96,32,3,3,0,0,0,0,0,0,0,0,231,2,4,9,127,65,16,8
2019-20,Uttar Pradesh,Bulandshahar,71,1,4,3,22,17,14,10,100,0,2,16,51,26,3,2,0,0,0,0,0,0,0,0,171,1,6,19,73,43,17,12
2019-20,Uttar Pradesh,Chandoli,65,0,1,0,29,14,11,10,93,0,1,6,68,13,2,3,0,0,0,0,0,0,0,0,158,0,2,6,97,27,13,13
2019-20,Uttar Pradesh,Chitrakoot,3,0,0,0,3,0,0,0,2,0,0,0,2,0,0,0,0,0,0,0,0,0,0,0,5,0,0,0,5,0,0,0
2019-20,Uttar Pradesh,Deoria,0,0,0,0,0,0,0,0,0,0,0,0,0,0,0,0,0,0,0,0,0,0,0,0,0,0,0,0,0,0,0,0
2019-20,Uttar Pradesh,Etah,29,1,0,1,5,20,1,1,43,0,1,3,22,16,1,0,0,0,0,0,0,0,0,0,72,1,1,4,27,36,2,1
2019-20,Uttar Pradesh,Etawah,37,0,4,3,15,10,4,1,84,0,3,15,46,17,3,0,0,0,0,0,0,0,0,0,121,0,7,18,61,27,7,1
2019-20,Uttar Pradesh,Ayodhya,18,0,1,2,7,2,4,2,44,0,2,13,22,5,1,1,0,0,0,0,0,0,0,0,62,0,3,15,29,7,5,3
2019-20,Uttar Pradesh,Fatehgarh,33,0,0,2,24,5,2,0,37,0,0,8,21,5,3,0,0,0,0,0,0,0,0,0,70,0,0,10,45,10,5,0
2019-20,Uttar Pradesh,Fatehpur,55,0,11,2,20,11,7,4,93,0,2,8,71,11,1,0,0,0,0,0,0,0,0,0,148,0,13,10,91,22,8,4
2019-20,Uttar Pradesh,Firozabad,58,1,5,29,13,5,3,2,63,2,1,33,20,6,1,0,0,0,0,0,0,0,0,0,121,3,6,62,33,11,4,2
2019-20,Uttar Pradesh,GRP,21,0,0,0,4,11,5,1,16,0,0,4,8,3,1,0,0,0,0,0,0,0,0,0,37,0,0,4,12,14,6,1
2019-20,Uttar Pradesh,Gautambudh Nagar,208,3,9,8,86,40,44,18,326,0,4,83,194,36,7,2,0,0,0,0,0,0,0,0,534,3,13,91,280,76,51,20
2019-20,Uttar Pradesh,Ghaziabad,165,4,17,15,54,36,39,0,174,2,11,44,88,23,6,0,0,0,0,0,0,0,0,0,339,6,28,59,142,59,45,0
2019-20,Uttar Pradesh,Ghazipur,14,0,0,11,3,0,0,0,7,0,0,7,0,0,0,0,0,0,0,0,0,0,0,0,21,0,0,18,3,0,0,0
2019-20,Uttar Pradesh,Gonda,28,0,2,4,9,7,4,2,55,0,0,14,32,6,3,0,0,0,0,0,0,0,0,0,83,0,2,18,41,13,7,2
2019-20,Uttar Pradesh,Gorakhpur,0,0,0,0,0,0,0,0,0,0,0,0,0,0,0,0,0,0,0,0,0,0,0,0,0,0,0,0,0,0,0,0
2019-20,Uttar Pradesh,Hamirpur,20,0,0,0,8,7,5,0,12,0,0,1,4,5,2,0,0,0,0,0,0,0,0,0,32,0,0,1,12,12,7,0
2019-20,Uttar Pradesh,Hapur,95,0,3,5,55,18,10,4,76,0,2,12,37,14,9,2,0,0,0,0,0,0,0,0,171,0,5,17,92,32,19,6
2019-20,Uttar Pradesh,Hardoi,20,0,1,11,6,2,0,0,3,0,0,0,3,0,0,0,0,0,0,0,0,0,0,0,23,0,1,11,9,2,0,0
2019-20,Uttar Pradesh,Hathras,15,0,2,1,5,5,1,1,21,0,2,0,9,10,0,0,0,0,0,0,0,0,0,0,36,0,4,1,14,15,1,1
2019-20,Uttar Pradesh,Jalaun,61,1,3,5,11,38,3,0,2,0,0,0,1,1,0,0,0,0,0,0,0,0,0,0,63,1,3,5,12,39,3,0
2019-20,Uttar Pradesh,Jaunpur,16,0,2,2,8,2,2,0,36,0,1,4,28,1,2,0,0,0,0,0,0,0,0,0,52,0,3,6,36,3,4,0
2019-20,Uttar Pradesh,Jhansi,0,0,0,0,0,0,0,0,84,0,21,53,10,0,0,0,0,0,0,0,0,0,0,0,84,0,21,53,10,0,0,0
2019-20,Uttar Pradesh,Kannauj,19,0,7,12,0,0,0,0,0,0,0,0,0,0,0,0,0,0,0,0,0,0,0,0,19,0,7,12,0,0,0,0
2019-20,Uttar Pradesh,Kanpur Dehat,15,0,0,11,4,0,0,0,38,0,0,20,18,0,0,0,0,0,0,0,0,0,0,0,53,0,0,31,22,0,0,0
2019-20,Uttar Pradesh,Kanpur Nagar,216,0,34,39,52,46,40,5,198,0,29,39,79,37,9,5,0,0,0,0,0,0,0,0,414,0,63,78,131,83,49,10
2019-20,Uttar Pradesh,Kasganj,35,0,2,2,6,18,6,1,35,0,0,3,17,14,1,0,0,0,0,0,0,0,0,0,70,0,2,5,23,32,7,1
2019-20,Uttar Pradesh,Kaushambi,22,0,0,8,14,0,0,0,96,0,0,49,47,0,0,0,0,0,0,0,0,0,0,0,118,0,0,57,61,0,0,0
2019-20,Uttar Pradesh,Khiri,41,1,14,14,6,3,1,2,43,0,8,16,19,0,0,0,0,0,0,0,0,0,0,0,84,1,22,30,25,3,1,2
2019-20,Uttar Pradesh,Kushi Nagar,5,1,0,0,2,2,0,0,27,0,2,16,7,2,0,0,0,0,0,0,0,0,0,0,32,1,2,16,9,4,0,0
2019-20,Uttar Pradesh,Lalitpur,4,0,0,3,1,0,0,0,27,0,0,15,12,0,0,0,0,0,0,0,0,0,0,0,31,0,0,18,13,0,0,0
2019-20,Uttar Pradesh,Lucknow Commissionarate,530,8,54,146,144,101,74,3,439,0,96,109,146,69,17,2,0,0,0,0,0,0,0,0,969,8,150,255,290,170,91,5
2019-20,Uttar Pradesh,Maharajganj,0,0,0,0,0,0,0,0,37,0,2,13,22,0,0,0,0,0,0,0,0,0,0,0,37,0,2,13,22,0,0,0
2019-20,Uttar Pradesh,Mahoba,2,0,2,0,0,0,0,0,14,0,8,6,0,0,0,0,0,0,0,0,0,0,0,0,16,0,10,6,0,0,0,0
2019-20,Uttar Pradesh,Mainpuri,15,3,7,5,0,0,0,0,33,4,24,5,0,0,0,0,0,0,0,0,0,0,0,0,48,7,31,10,0,0,0,0
2019-20,Uttar Pradesh,Mathura,10,0,0,6,4,0,0,0,30,0,0,20,10,0,0,0,0,0,0,0,0,0,0,0,40,0,0,26,14,0,0,0
2019-20,Uttar Pradesh,Mau,22,0,1,1,9,5,4,2,21,0,1,5,9,4,2,0,0,0,0,0,0,0,0,0,43,0,2,6,18,9,6,2
2019-20,Uttar Pradesh,Meerut,68,0,1,1,32,16,15,3,68,0,2,4,44,14,4,0,0,0,0,0,0,0,0,0,136,0,3,5,76,30,19,3
2019-20,Uttar Pradesh,Mirzapur,51,0,5,1,22,12,7,4,80,0,4,13,50,12,1,0,0,0,0,0,0,0,0,0,131,0,9,14,72,24,8,4
2019-20,Uttar Pradesh,Moradabad,44,0,0,24,20,0,0,0,60,0,0,45,15,0,0,0,0,0,0,0,0,0,0,0,104,0,0,69,35,0,0,0
2019-20,Uttar Pradesh,Muzaffarnagar,80,0,0,16,64,0,0,0,92,0,0,36,56,0,0,0,0,0,0,0,0,0,0,0,172,0,0,52,120,0,0,0
2019-20,Uttar Pradesh,Pilibhit,69,0,3,6,26,21,9,4,50,0,1,5,20,22,1,1,0,0,0,0,0,0,0,0,119,0,4,11,46,43,10,5
2019-20,Uttar Pradesh,Pratapgarh,13,0,4,0,9,0,0,0,22,0,6,0,16,0,0,0,0,0,0,0,0,0,0,0,35,0,10,0,25,0,0,0
2019-20,Uttar Pradesh,Raibareilly,40,0,1,4,19,10,6,0,64,1,3,11,41,5,2,1,0,0,0,0,0,0,0,0,104,1,4,15,60,15,8,1
2019-20,Uttar Pradesh,Rampur,0,0,0,0,0,0,0,0,0,0,0,0,0,0,0,0,0,0,0,0,0,0,0,0,0,0,0,0,0,0,0,0
2019-20,Uttar Pradesh,Saharanpur,64,0,2,7,20,20,10,5,64,0,5,8,30,18,2,1,0,0,0,0,0,0,0,0,128,0,7,15,50,38,12,6
2019-20,Uttar Pradesh,Sambhal,12,1,0,1,7,1,0,2,17,1,4,4,7,1,0,0,0,0,0,0,0,0,0,0,29,2,4,5,14,2,0,2
2019-20,Uttar Pradesh,Sant Kabirnagar,28,0,1,2,8,7,5,5,52,0,0,15,30,3,3,1,0,0,0,0,0,0,0,0,80,0,1,17,38,10,8,6
2019-20,Uttar Pradesh,Shahjahanpur,58,0,2,5,18,15,14,4,72,1,4,20,26,14,5,2,0,0,0,0,0,0,0,0,130,1,6,25,44,29,19,6
2019-20,Uttar Pradesh,Shamli,31,1,2,4,13,8,3,0,46,0,0,5,33,6,2,0,0,0,0,0,0,0,0,0,77,1,2,9,46,14,5,0
2019-20,Uttar Pradesh,Shrawasti,15,1,6,6,2,0,0,0,20,0,0,19,1,0,0,0,0,0,0,0,0,0,0,0,35,1,6,25,3,0,0,0
2019-20,Uttar Pradesh,Sidharthnagar,22,0,2,1,14,3,2,0,42,0,0,4,30,7,1,0,0,0,0,0,0,0,0,0,64,0,2,5,44,10,3,0
2019-20,Uttar Pradesh,Sitapur,100,3,14,8,45,30,0,0,99,3,2,19,55,20,0,0,0,0,0,0,0,0,0,0,199,6,16,27,100,50,0,0
2019-20,Uttar Pradesh,Sonbhadra,47,0,3,9,17,9,3,6,94,0,5,11,58,17,2,1,0,0,0,0,0,0,0,0,141,0,8,20,75,26,5,7
2019-20,Uttar Pradesh,Bhadohi,18,0,11,7,0,0,0,0,16,0,2,14,0,0,0,0,0,0,0,0,0,0,0,0,34,0,13,21,0,0,0,0
2019-20,Uttar Pradesh,Sultanpur,7,0,0,3,0,0,4,0,21,0,0,8,12,0,1,0,0,0,0,0,0,0,0,0,28,0,0,11,12,0,5,0
2019-20,Uttar Pradesh,Unnao,58,0,5,4,28,14,6,1,82,0,3,13,47,17,0,2,0,0,0,0,0,0,0,0,140,0,8,17,75,31,6,3
2019-20,Uttar Pradesh,Varanasi,158,0,6,8,78,31,18,17,183,0,9,23,117,25,5,4,0,0,0,0,0,0,0,0,341,0,15,31,195,56,23,21
2019-20,Uttar Pradesh,Lucknow Grameen,72,0,5,5,45,9,7,1,93,0,2,11,66,8,5,1,0,0,0,0,0,0,0,0,165,0,7,16,111,17,12,2
2019-20,Uttar Pradesh,Total Districts ,3982,33,318,560,1481,861,536,193,5020,16,328,1125,2632,721,148,50,0,0,0,0,0,0,0,0,9002,49,646,1685,4113,1582,684,243
2019-20,Uttarakhand,Almora,15,0,0,1,7,7,0,0,26,0,0,3,10,10,3,0,0,0,0,0,0,0,0,0,41,0,0,4,17,17,3,0
2019-20,Uttarakhand,Bageshwar,14,0,1,2,6,5,0,0,30,0,2,5,13,5,5,0,0,0,0,0,0,0,0,0,44,0,3,7,19,10,5,0
2019-20,Uttarakhand,Chamoli,24,0,0,1,9,10,4,0,21,0,2,5,5,5,4,0,0,0,0,0,0,0,0,0,45,0,2,6,14,15,8,0
2019-20,Uttarakhand,Champawat,19,0,2,2,7,6,2,0,27,0,2,3,4,15,3,0,0,0,0,0,0,0,0,0,46,0,4,5,11,21,5,0
2019-20,Uttarakhand,Dehradun,180,0,4,4,60,60,52,0,191,0,12,20,89,40,28,2,0,0,0,0,0,0,0,0,371,0,16,24,149,100,80,2
2019-20,Uttarakhand,Haridwar,212,0,10,21,70,70,31,10,274,0,28,28,86,90,40,2,0,0,0,0,0,0,0,0,486,0,38,49,156,160,71,12
2019-20,Uttarakhand,Nainital,96,0,5,25,30,25,7,4,152,0,12,34,50,40,16,0,0,0,0,0,0,0,0,0,248,0,17,59,80,65,23,4
2019-20,Uttarakhand,Pauri Garhwal,29,0,1,2,10,10,6,0,38,0,3,8,20,7,0,0,0,0,0,0,0,0,0,0,67,0,4,10,30,17,6,0
2019-20,Uttarakhand,Pithoragarh,9,0,0,1,4,4,0,0,17,0,5,4,4,3,1,0,0,0,0,0,0,0,0,0,26,0,5,5,8,7,1,0
2019-20,Uttarakhand,Rudra Prayag,5,0,0,1,2,2,0,0,21,0,2,3,6,6,4,0,0,0,0,0,0,0,0,0,26,0,2,4,8,8,4,0
2019-20,Uttarakhand,Tehri Garhwal,16,0,0,2,2,6,5,1,41,0,0,2,7,15,15,2,0,0,0,0,0,0,0,0,57,0,0,4,9,21,20,3
2019-20,Uttarakhand,Udhamsingh Nagar,161,2,14,25,52,40,20,8,253,2,26,59,100,50,16,0,0,0,0,0,0,0,0,0,414,4,40,84,152,90,36,8
2019-20,Uttarakhand,Uttarkashi,9,0,0,2,1,2,4,0,17,0,0,1,8,4,4,0,0,0,0,0,0,0,0,0,26,0,0,3,9,6,8,0
2019-20,Uttarakhand,GRP,0,0,0,0,0,0,0,0,0,0,0,0,0,0,0,0,0,0,0,0,0,0,0,0,0,0,0,0,0,0,0,0
2019-20,Uttarakhand,Total Districts ,789,2,37,89,260,247,131,23,1108,2,94,175,402,290,139,6,0,0,0,0,0,0,0,0,1897,4,131,264,662,537,270,29
2019-20,West Bengal,Alipurduar,231,1,9,19,82,61,40,19,513,1,5,95,304,81,19,8,0,0,0,0,0,0,0,0,744,2,14,114,386,142,59,27
2019-20,West Bengal,Asansol-Durgapur PC,420,1,5,10,170,127,69,38,562,1,4,38,385,99,22,13,0,0,0,0,0,0,0,0,982,2,9,48,555,226,91,51
2019-20,West Bengal,Bankura,269,0,1,5,120,73,42,28,649,0,3,89,424,90,24,19,0,0,0,0,0,0,0,0,918,0,4,94,544,163,66,47
2019-20,West Bengal,Barrackpur PC,1009,3,30,41,287,303,194,151,1580,0,34,300,740,318,91,97,0,0,0,0,0,0,0,0,2589,3,64,341,1027,621,285,248
2019-20,West Bengal,Bidhannagar PC,285,4,4,4,97,87,40,49,457,0,8,66,242,93,26,22,0,0,0,0,0,0,0,0,742,4,12,70,339,180,66,71
2019-20,West Bengal,Birbhum,282,0,2,8,133,81,39,19,497,3,6,35,356,81,11,5,0,0,0,0,0,0,0,0,779,3,8,43,489,162,50,24
2019-20,West Bengal,Coochbehar,293,1,8,18,86,121,36,23,1012,1,13,227,470,260,30,11,0,0,0,0,0,0,0,0,1305,2,21,245,556,381,66,34
2019-20,West Bengal,Dakshin Dinajpur,203,2,8,12,81,56,33,11,818,1,15,177,472,135,16,2,0,0,0,0,0,0,0,0,1021,3,23,189,553,191,49,13
2019-20,West Bengal,Darjeeling,110,1,1,4,48,35,15,6,306,0,5,35,166,85,9,6,0,0,0,0,0,0,0,0,416,1,6,39,214,120,24,12
2019-20,West Bengal,Hooghly Rural Police,265,1,0,1,106,76,48,33,818,0,13,106,531,125,26,17,0,0,0,0,0,0,0,0,1083,1,13,107,637,201,74,50
2019-20,West Bengal,Howrah GRP,22,1,0,0,7,3,4,7,8,1,0,0,4,1,0,2,0,0,0,0,0,0,0,0,30,2,0,0,11,4,4,9
2019-20,West Bengal,Howrah PC,655,0,13,17,208,192,125,100,837,0,27,153,423,156,47,31,0,0,0,0,0,0,0,0,1492,0,40,170,631,348,172,131
2019-20,West Bengal,Howrah Rural,259,1,4,5,100,87,41,21,714,2,12,167,419,84,17,13,0,0,0,0,0,0,0,0,973,3,16,172,519,171,58,34
2019-20,West Bengal,Jalpaiguri,327,0,1,15,142,104,45,20,724,0,10,90,329,274,14,7,0,0,0,0,0,0,0,0,1051,0,11,105,471,378,59,27
2019-20,West Bengal,Jhargram,97,0,0,2,33,30,19,13,258,0,3,47,155,37,8,8,0,0,0,0,0,0,0,0,355,0,3,49,188,67,27,21
2019-20,West Bengal,Kharagpur GRP,2,0,0,0,1,1,0,0,2,0,0,0,1,0,0,1,0,0,0,0,0,0,0,0,4,0,0,0,2,1,0,1
2019-20,West Bengal,Kolkata,1579,10,66,78,458,433,286,248,1801,10,48,335,880,281,138,109,0,0,0,0,0,0,0,0,3380,20,114,413,1338,714,424,357
2019-20,West Bengal,Malda,55,2,0,0,39,7,7,0,980,0,139,344,329,142,26,0,0,0,0,0,0,0,0,0,1035,2,139,344,368,149,33,0
2019-20,West Bengal,Murshidabad Police District,594,2,9,14,235,203,96,35,1691,2,32,176,1015,385,68,13,0,0,0,0,0,0,0,0,2285,4,41,190,1250,588,164,48
2019-20,West Bengal,Paschim Medinipur,595,0,5,22,137,221,159,51,1642,0,31,497,661,367,65,21,0,0,0,0,0,0,0,0,2237,0,36,519,798,588,224,72
2019-20,West Bengal,Purab Medinipur,369,6,15,18,140,109,62,19,1588,13,30,464,841,179,38,23,0,0,0,0,0,0,0,0,1957,19,45,482,981,288,100,42
2019-20,West Bengal,Purulia,126,1,3,8,60,28,13,13,305,3,4,53,191,36,9,9,0,0,0,0,0,0,0,0,431,4,7,61,251,64,22,22
2019-20,West Bengal,Sealdah GRP,9,0,3,0,3,1,1,1,12,1,0,3,5,1,2,0,0,0,0,0,0,0,0,0,21,1,3,3,8,2,3,1
2019-20,West Bengal,Siliguri GRP,1,0,0,0,1,0,0,0,1,0,0,0,1,0,0,0,0,0,0,0,0,0,0,0,2,0,0,0,2,0,0,0
2019-20,West Bengal,Siliguri PC,451,2,27,18,188,122,67,27,818,3,15,167,445,152,25,11,0,0,0,0,0,0,0,0,1269,5,42,185,633,274,92,38
2019-20,West Bengal,Baruipur Police,233,2,102,50,57,10,10,2,1340,7,90,120,310,524,200,89,0,0,0,0,0,0,0,0,1573,9,192,170,367,534,210,91
2019-20,West Bengal,Chandannagar PC,298,0,3,9,84,99,62,41,413,1,6,60,215,81,30,20,0,0,0,0,0,0,0,0,711,1,9,69,299,180,92,61
2019-20,West Bengal,Diamond Harbour Police,271,4,7,17,90,83,40,30,586,8,22,149,306,76,14,11,0,0,0,0,0,0,0,0,857,12,29,166,396,159,54,41
2019-20,West Bengal,Kalimpong,36,0,0,0,14,15,2,5,110,0,3,19,53,29,4,2,0,0,0,0,0,0,0,0,146,0,3,19,67,44,6,7
2019-20,West Bengal,Purba Bardhaman,495,1,11,22,224,130,68,39,1189,5,46,366,598,131,28,15,0,0,0,0,0,0,0,0,1684,6,57,388,822,261,96,54
2019-20,West Bengal,Sundarban Police,167,0,4,7,42,71,29,14,526,0,16,67,251,159,26,7,0,0,0,0,0,0,0,0,693,0,20,74,293,230,55,21
2019-20,West Bengal,Barasat,36,0,9,17,9,1,0,0,286,0,88,176,18,4,0,0,0,0,0,0,0,0,0,0,322,0,97,193,27,5,0,0
2019-20,West Bengal,Basirhat,221,0,7,13,106,60,25,10,930,0,40,422,195,154,99,20,0,0,0,0,0,0,0,0,1151,0,47,435,301,214,124,30
2019-20,West Bengal,Bangaon,156,0,2,3,49,53,31,18,630,0,5,154,354,89,18,10,0,0,0,0,0,0,0,0,786,0,7,157,403,142,49,28
2019-20,West Bengal,Islampur,110,1,2,3,73,23,5,3,281,2,1,16,216,44,2,0,0,0,0,0,0,0,0,0,391,3,3,19,289,67,7,3
2019-20,West Bengal,Jangipur Police District,157,0,2,104,17,22,12,0,293,0,5,185,65,26,12,0,0,0,0,0,0,0,0,0,450,0,7,289,82,48,24,0
2019-20,West Bengal,Krishnagar,239,0,2,5,110,77,28,17,706,0,11,60,485,131,8,11,0,0,0,0,0,0,0,0,945,0,13,65,595,208,36,28
2019-20,West Bengal,Raiganj,156,0,3,12,76,38,18,9,460,0,5,55,311,70,15,4,0,0,0,0,0,0,0,0,616,0,8,67,387,108,33,13
2019-20,West Bengal,Ranaghat,452,0,0,12,202,195,43,0,1091,0,0,267,765,59,0,0,0,0,0,0,0,0,0,0,1543,0,0,279,967,254,43,0
2019-20,West Bengal,Total Districts ,11535,47,368,593,4115,3438,1854,1120,27434,65,795,5780,13931,5039,1187,637,0,0,0,0,0,0,0,0,38969,112,1163,6373,18046,8477,3041,1757
2019-20,AN Islands,South Andaman,42,2,2,3,11,14,5,5,37,0,2,12,19,2,2,0,0,0,0,0,0,0,0,0,79,2,4,15,30,16,7,5
2019-20,AN Islands,North & Middle Andaman,0,0,0,0,0,0,0,0,0,0,0,0,0,0,0,0,0,0,0,0,0,0,0,0,0,0,0,0,0,0,0,0
2019-20,AN Islands,Nicobar,0,0,0,0,0,0,0,0,0,0,0,0,0,0,0,0,0,0,0,0,0,0,0,0,0,0,0,0,0,0,0,0
2019-20,AN Islands,Total Districts ,42,2,2,3,11,14,5,5,37,0,2,12,19,2,2,0,0,0,0,0,0,0,0,0,79,2,4,15,30,16,7,5
2019-20,Chandigarh,Chandigarh,276,3,20,21,107,66,31,28,442,3,9,97,268,46,9,10,1,0,0,0,1,0,0,0,719,6,29,118,376,112,40,38
2019-20,Chandigarh,Total Districts ,276,3,20,21,107,66,31,28,442,3,9,97,268,46,9,10,1,0,0,0,1,0,0,0,719,6,29,118,376,112,40,38
2019-20,DN Haveli and Daman & Diu,D&N Haveli,9,0,0,0,6,1,2,0,19,0,0,0,16,3,0,0,0,0,0,0,0,0,0,0,28,0,0,0,22,4,2,0
2019-20,DN Haveli and Daman & Diu,Daman,25,0,0,1,7,11,6,0,27,0,0,1,21,5,0,0,0,0,0,0,0,0,0,0,52,0,0,2,28,16,6,0
2019-20,DN Haveli and Daman & Diu,Diu,13,0,0,0,6,4,3,0,5,0,0,1,3,0,0,1,0,0,0,0,0,0,0,0,18,0,0,1,9,4,3,1
2019-20,DN Haveli and Daman & Diu,Total Districts ,47,0,0,1,19,16,11,0,51,0,0,2,40,8,0,1,0,0,0,0,0,0,0,0,98,0,0,3,59,24,11,1
2019-20,Delhi,Central,296,0,20,36,119,81,32,8,361,2,22,104,182,42,3,6,2,0,1,1,0,0,0,0,659,2,43,141,301,123,35,14
2019-20,Delhi,Crime Branch,0,0,0,0,0,0,0,0,0,0,0,0,0,0,0,0,0,0,0,0,0,0,0,0,0,0,0,0,0,0,0,0
2019-20,Delhi,East,403,1,42,28,156,97,48,31,562,2,38,106,332,56,16,12,0,0,0,0,0,0,0,0,965,3,80,134,488,153,64,43
2019-20,Delhi,EOW,0,0,0,0,0,0,0,0,0,0,0,0,0,0,0,0,0,0,0,0,0,0,0,0,0,0,0,0,0,0,0,0
2019-20,Delhi,IGI Airport,9,0,0,0,2,5,1,1,1,0,0,0,1,0,0,0,0,0,0,0,0,0,0,0,10,0,0,0,3,5,1,1
2019-20,Delhi,Metro,3,0,0,0,1,0,1,1,6,0,0,0,5,0,1,0,0,0,0,0,0,0,0,0,9,0,0,0,6,0,2,1
2019-20,Delhi,New Delhi,61,0,3,5,25,19,9,0,55,0,6,8,28,8,4,1,0,0,0,0,0,0,0,0,116,0,9,13,53,27,13,1
2019-20,Delhi,North,340,2,26,27,139,108,28,10,441,1,36,82,194,101,15,12,0,0,0,0,0,0,0,0,781,3,62,109,333,209,43,22
2019-20,Delhi,North-East,775,2,48,60,348,177,94,46,1150,2,38,243,666,163,18,20,0,0,0,0,0,0,0,0,1925,4,86,303,1014,340,112,66
2019-20,Delhi,North-West,418,0,25,43,184,110,41,15,683,1,70,175,317,86,28,6,0,0,0,0,0,0,0,0,1101,1,95,218,501,196,69,21
2019-20,Delhi,Outer,733,5,30,61,374,176,52,35,1052,6,48,239,471,226,45,17,0,0,0,0,0,0,0,0,1785,11,78,300,845,402,97,52
2019-20,Delhi,RAILWAY,23,1,4,0,6,6,5,1,32,0,1,1,21,8,0,1,0,0,0,0,0,0,0,0,55,1,5,1,27,14,5,2
2019-20,Delhi,South,468,6,19,48,185,106,67,37,698,8,37,158,305,137,41,12,0,0,0,0,0,0,0,0,1166,14,56,206,490,243,108,49
2019-20,Delhi,South-East,478,2,23,50,203,103,57,40,806,2,54,196,435,84,21,14,0,0,0,0,0,0,0,0,1284,4,77,246,638,187,78,54
2019-20,Delhi,South-West,380,4,21,33,201,87,21,13,610,3,40,134,280,139,9,5,0,0,0,0,0,0,0,0,990,7,61,167,481,226,30,18
2019-20,Delhi,Spl Cell,0,0,0,0,0,0,0,0,0,0,0,0,0,0,0,0,0,0,0,0,0,0,0,0,0,0,0,0,0,0,0,0
2019-20,Delhi,SPUWAC,0,0,0,0,0,0,0,0,0,0,0,0,0,0,0,0,0,0,0,0,0,0,0,0,0,0,0,0,0,0,0,0
2019-20,Delhi,Vigilance,0,0,0,0,0,0,0,0,0,0,0,0,0,0,0,0,0,0,0,0,0,0,0,0,0,0,0,0,0,0,0,0
2019-20,Delhi,West,477,3,14,43,295,102,19,1,684,5,25,180,350,102,18,4,0,0,0,0,0,0,0,0,1161,8,39,223,645,204,37,5
2019-20,Delhi,Rohini,665,17,45,72,236,152,114,29,870,15,49,175,420,125,73,13,0,0,0,0,0,0,0,0,1535,32,94,247,656,277,187,42
2019-20,Delhi,Shahdara,462,10,17,24,163,143,74,31,521,9,13,95,271,91,29,13,0,0,0,0,0,0,0,0,983,19,30,119,434,234,103,44
2019-20,Delhi,Dwarka,647,4,27,51,244,182,59,80,995,0,40,268,470,162,31,24,0,0,0,0,0,0,0,0,1642,4,67,319,714,344,90,104
2019-20,Delhi,Outer North,662,11,79,80,288,144,45,15,1117,14,81,293,542,151,29,7,0,0,0,0,0,0,0,0,1779,25,160,373,830,295,74,22
2019-20,Delhi,Total Districts ,7300,68,443,661,3169,1798,767,394,10644,70,598,2457,5290,1681,381,167,2,0,1,1,0,0,0,0,17946,138,1042,3119,8459,3479,1148,561
2019-20,Ladakh,Kargil,5,0,0,0,4,1,0,0,5,0,0,1,2,2,0,0,0,0,0,0,0,0,0,0,10,0,0,1,6,3,0,0
2019-20,Ladakh,Leh,7,0,0,0,2,2,2,1,3,0,0,0,2,1,0,0,0,0,0,0,0,0,0,0,10,0,0,0,4,3,2,1
2019-20,Ladakh,Total Districts ,12,0,0,0,6,3,2,1,8,0,0,1,4,3,0,0,0,0,0,0,0,0,0,0,20,0,0,1,10,6,2,1
2019-20,Lakshadweep,Lakshadweep,0,0,0,0,0,0,0,0,0,0,0,0,0,0,0,0,0,0,0,0,0,0,0,0,0,0,0,0,0,0,0,0
2019-20,Lakshadweep,Total Districts ,0,0,0,0,0,0,0,0,0,0,0,0,0,0,0,0,0,0,0,0,0,0,0,0,0,0,0,0,0,0,0,0
2019-20,Puducherry,Karaikal,0,0,0,0,0,0,0,0,0,0,0,0,0,0,0,0,0,0,0,0,0,0,0,0,0,0,0,0,0,0,0,0
2019-20,Puducherry,Total Districts ,57,2,6,3,12,15,12,7,158,3,2,24,103,16,3,7,0,0,0,0,0,0,0,0,215,5,8,27,115,31,15,14
