Year,State,Region,District,Total_Male,Total_Female,Total_Transgender,Grand_Total,Male_Below_18,Male_18_and_above,Female_Below_18,Female_18_and_above,Transgender_Below_18,Transgender_18_and_above,Total_Below_18,Total_18_and_above
2018,AN Islands,South India,Nicobar,0,0,0,0,0,0,0,0,0,0,0,0
2019,AN Islands,South India,Nicobar,0,0,0,0,0,0,0,0,0,0,0,0
2020,AN Islands,South India,Nicobar,0,0,0,0,0,0,0,0,0,0,0,0
2021,AN Islands,South India,Nicobar,5,1,0,6,1,4,0,1,0,0,1,5
2022,AN Islands,South India,Nicobar,4,1,0,5,0,4,0,1,0,0,0,5
2018,AN Islands,South India,North & Middle Andaman,0,0,0,0,0,0,0,0,0,0,0,0
2019,AN Islands,South India,North & Middle Andaman,0,0,0,0,0,0,0,0,0,0,0,0
2020,AN Islands,South India,North & Middle Andaman,0,0,0,0,0,0,0,0,0,0,0,0
2021,AN Islands,South India,North & Middle Andaman,9,13,0,22,1,8,4,9,0,0,5,17
2022,AN Islands,South India,North & Middle Andaman,13,12,0,25,3,10,4,8,0,0,7,18
2018,AN Islands,South India,South Andaman,89,100,0,189,10,79,38,62,0,0,48,141
2019,AN Islands,South India,South Andaman,79,95,0,174,10,69,33,62,0,0,43,131
2020,AN Islands,South India,South Andaman,42,37,0,79,7,35,14,23,0,0,21,58
2021,AN Islands,South India,South Andaman,37,42,0,79,3,34,16,26,0,0,19,60
2022,AN Islands,South India,South Andaman,60,72,0,132,8,52,22,50,0,0,30,102
2018,AN Islands,South India,Total,89,100,0,189,10,79,38,62,0,0,48,141
2019,AN Islands,South India,Total,79,95,0,174,10,69,33,62,0,0,43,131
2020,AN Islands,South India,Total Districts ,42,37,0,79,7,35,14,23,0,0,21,58
2021,AN Islands,South India,Total Districts ,51,56,0,107,5,46,20,36,0,0,25,82
2022,AN Islands,South India,Total Districts ,77,85,0,162,11,66,26,59,0,0,37,125
2022,Andhra Pradesh,South India,Alluri Sitharama Raju,36,80,1,117,8,28,54,26,0,1,62,55
2022,Andhra Pradesh,South India,Anakapalli,89,197,0,286,20,69,56,141,0,0,76,210
2018,Andhra Pradesh,South India,Anantapur,186,655,0,841,46,140,232,423,0,0,278,563
2019,Andhra Pradesh,South India,Anantapur,257,766,0,1023,60,197,280,486,0,0,340,683
2020,Andhra Pradesh,South India,Anantapur,209,869,0,1078,32,177,284,585,0,0,316,762
2021,Andhra Pradesh,South India,Anantapur,291,1224,0,1515,43,248,446,778,0,0,489,1026
2022,Andhra Pradesh,South India,Anantapuramu,217,651,0,868,38,179,220,431,0,0,258,610
2022,Andhra Pradesh,South India,Annamayya,91,292,0,383,31,60,135,157,0,0,166,217
2022,Andhra Pradesh,South India,Bapatla,121,297,4,422,24,97,79,218,3,1,106,316
2018,Andhra Pradesh,South India,Chittoor,93,354,0,447,37,56,138,216,0,0,175,272
2019,Andhra Pradesh,South India,Chittoor,99,319,0,418,44,55,151,168,0,0,195,223
2020,Andhra Pradesh,South India,Chittoor,143,695,0,838,37,106,262,433,0,0,299,539
2021,Andhra Pradesh,South India,Chittoor,167,727,0,894,45,122,265,462,0,0,310,584
2022,Andhra Pradesh,South India,Chittoor,114,538,0,652,18,96,177,361,0,0,195,457
2018,Andhra Pradesh,South India,Cuddapah,66,156,0,222,26,40,58,98,0,0,84,138
2019,Andhra Pradesh,South India,Cuddapah,163,475,0,638,52,111,176,299,0,0,228,410
2020,Andhra Pradesh,South India,Cuddapah,167,415,0,582,47,120,138,277,0,0,185,397
2021,Andhra Pradesh,South India,Cuddapah,209,573,10,792,51,158,204,369,5,5,260,532
2022,Andhra Pradesh,South India,Dr BR Ambedkar Konaseema,165,267,0,432,23,142,77,190,0,0,100,332
2018,Andhra Pradesh,South India,East Godavari,281,411,0,692,71,210,157,254,0,0,228,464
2019,Andhra Pradesh,South India,East Godavari,215,359,9,583,27,188,102,257,9,0,138,445
2020,Andhra Pradesh,South India,East Godavari,311,515,0,826,40,271,125,390,0,0,165,661
2021,Andhra Pradesh,South India,East Godavari,353,693,0,1046,29,324,191,502,0,0,220,826
2022,Andhra Pradesh,South India,East Godavari,208,403,0,611,36,172,139,264,0,0,175,436
2022,Andhra Pradesh,South India,Eluru,227,413,0,640,27,200,98,315,0,0,125,515
2018,Andhra Pradesh,South India,Guntakal Railway,9,9,0,18,2,7,1,8,0,0,3,15
2019,Andhra Pradesh,South India,Guntakal Railway,6,4,0,10,1,5,0,4,0,0,1,9
2022,Andhra Pradesh,South India,Guntakal Railway,4,6,0,10,1,3,1,5,0,0,2,8
2018,Andhra Pradesh,South India,Guntur,247,348,0,595,86,161,73,275,0,0,159,436
2019,Andhra Pradesh,South India,Guntur,279,440,0,719,85,194,113,327,0,0,198,521
2020,Andhra Pradesh,South India,Guntur,232,410,0,642,61,171,111,299,0,0,172,470
2021,Andhra Pradesh,South India,Guntur,280,667,0,947,82,198,206,461,0,0,288,659
2022,Andhra Pradesh,South India,Guntur,343,688,0,1031,75,268,174,514,0,0,249,782
2018,Andhra Pradesh,South India,Guntur Urban,202,293,0,495,43,159,46,247,0,0,89,406
2019,Andhra Pradesh,South India,Guntur Urban,202,293,0,495,43,159,46,247,0,0,89,406
2020,Andhra Pradesh,South India,Guntur Urban,151,281,0,432,30,121,77,204,0,0,107,325
2021,Andhra Pradesh,South India,Guntur Urban,203,440,0,643,17,186,138,302,0,0,155,488
2022,Andhra Pradesh,South India,Kakinada,157,389,0,546,9,148,94,295,0,0,103,443
2018,Andhra Pradesh,South India,Krishna,156,264,0,420,19,137,17,247,0,0,36,384
2019,Andhra Pradesh,South India,Krishna,182,282,0,464,13,169,27,255,0,0,40,424
2020,Andhra Pradesh,South India,Krishna,199,333,0,532,33,166,37,296,0,0,70,462
2021,Andhra Pradesh,South India,Krishna,204,346,0,550,31,173,32,314,0,0,63,487
2022,Andhra Pradesh,South India,Krishna,188,368,0,556,32,156,85,283,0,0,117,439
2018,Andhra Pradesh,South India,Kurnool,153,359,0,512,64,89,149,210,0,0,213,299
2019,Andhra Pradesh,South India,Kurnool,205,504,0,709,43,162,174,330,0,0,217,492
2020,Andhra Pradesh,South India,Kurnool,176,634,0,810,28,148,217,417,0,0,245,565
2021,Andhra Pradesh,South India,Kurnool,299,865,0,1164,93,206,261,604,0,0,354,810
2022,Andhra Pradesh,South India,Kurnool,102,238,0,340,22,80,94,144,0,0,116,224
2022,Andhra Pradesh,South India,Nandyal,133,300,0,433,28,105,96,204,0,0,124,309
2018,Andhra Pradesh,South India,Nellore,156,332,488,976,33,123,99,233,132,356,264,712
2019,Andhra Pradesh,South India,Nellore,141,345,0,486,36,105,111,234,0,0,147,339
2020,Andhra Pradesh,South India,Nellore,141,425,0,566,27,114,120,305,0,0,147,419
2021,Andhra Pradesh,South India,Nellore,187,529,0,716,50,137,177,352,0,0,227,489
2022,Andhra Pradesh,South India,NTR,486,861,0,1347,71,415,172,689,0,0,243,1104
2022,Andhra Pradesh,South India,Palnadu,133,364,0,497,45,88,111,253,0,0,156,341
2022,Andhra Pradesh,South India,Parvathipuram Manyam,45,82,2,129,9,36,13,69,2,0,24,105
2022,Andhra Pradesh,South India,Prakasam,212,474,0,686,73,139,151,323,0,0,224,462
2018,Andhra Pradesh,South India,Prakasham,170,323,0,493,56,114,63,260,0,0,119,374
2019,Andhra Pradesh,South India,Prakasham,176,344,0,520,56,120,96,248,0,0,152,368
2020,Andhra Pradesh,South India,Prakasham,164,371,0,535,53,111,85,286,0,0,138,397
2021,Andhra Pradesh,South India,Prakasham,191,575,0,766,53,138,198,377,0,0,251,515
2018,Andhra Pradesh,South India,Rajahmundry,97,127,0,224,21,76,36,91,0,0,57,167
2019,Andhra Pradesh,South India,Rajahmundry,196,233,0,429,33,163,51,182,0,0,84,345
2020,Andhra Pradesh,South India,Rajahmundry,129,206,0,335,21,108,61,145,0,0,82,253
2021,Andhra Pradesh,South India,Rajahmundry,157,271,0,428,23,134,72,199,0,0,95,333
2022,Andhra Pradesh,South India,Sri Potti Sriramulu Nellore,229,542,0,771,70,159,200,342,0,0,270,501
2022,Andhra Pradesh,South India,Sri Sathya Sai,117,424,0,541,35,82,168,256,0,0,203,338
2018,Andhra Pradesh,South India,Srikakulam,75,129,0,204,20,55,33,96,0,0,53,151
2019,Andhra Pradesh,South India,Srikakulam,110,231,0,341,33,77,52,179,0,0,85,256
2020,Andhra Pradesh,South India,Srikakulam,93,253,0,346,39,54,67,186,0,0,106,240
2021,Andhra Pradesh,South India,Srikakulam,81,288,0,369,16,65,85,203,0,0,101,268
2022,Andhra Pradesh,South India,Srikakulam,159,391,0,550,42,117,119,272,0,0,161,389
2018,Andhra Pradesh,South India,Tirupathi Urban,142,185,0,327,39,103,61,124,0,0,100,227
2019,Andhra Pradesh,South India,Tirupathi Urban,132,260,0,392,14,118,68,192,0,0,82,310
2020,Andhra Pradesh,South India,Tirupathi Urban,68,236,0,304,19,49,87,149,0,0,106,198
2021,Andhra Pradesh,South India,Tirupathi Urban,108,358,0,466,29,79,147,211,0,0,176,290
2022,Andhra Pradesh,South India,Tirupati,224,615,0,839,61,163,217,398,0,0,278,561
2018,Andhra Pradesh,South India,Total,3148,5792,488,9428,744,2404,1560,4232,132,356,2436,6992
2019,Andhra Pradesh,South India,Total,3711,6896,9,10616,809,2902,1928,4968,9,0,2746,7870
2020,Andhra Pradesh,South India,Total Districts ,3239,7576,0,10815,653,2586,2092,5484,0,0,2745,8070
2021,Andhra Pradesh,South India,Total Districts ,4065,10085,10,14160,734,3331,2981,7104,5,5,3720,10440
2022,Andhra Pradesh,South India,Total Districts ,4652,10433,9,15094,921,3731,3118,7315,7,2,4046,11048
2022,Andhra Pradesh,South India,Viiayawada Railway,22,13,2,37,0,22,0,13,2,0,2,35
2018,Andhra Pradesh,South India,Vijayawada City,355,626,0,981,76,279,142,484,0,0,218,763
2019,Andhra Pradesh,South India,Vijayawada City,410,521,0,931,108,302,172,349,0,0,280,651
2020,Andhra Pradesh,South India,Vijayawada City,261,399,0,660,51,210,92,307,0,0,143,517
2021,Andhra Pradesh,South India,Vijayawada City,292,527,0,819,35,257,128,399,0,0,163,656
2018,Andhra Pradesh,South India,Vijayawada Railway,16,10,0,26,3,13,2,8,0,0,5,21
2019,Andhra Pradesh,South India,Vijayawada Railway,26,12,0,38,5,21,2,10,0,0,7,31
2018,Andhra Pradesh,South India,Visakha Rural,96,141,0,237,27,69,26,115,0,0,53,184
2019,Andhra Pradesh,South India,Visakha Rural,137,187,0,324,28,109,31,156,0,0,59,265
2020,Andhra Pradesh,South India,Visakha Rural,96,199,0,295,17,79,60,139,0,0,77,218
2021,Andhra Pradesh,South India,Visakha Rural,124,216,0,340,18,106,51,165,0,0,69,271
2018,Andhra Pradesh,South India,Visakhapatnam,292,403,0,695,13,279,22,381,0,0,35,660
2019,Andhra Pradesh,South India,Visakhapatnam,310,452,0,762,20,290,26,426,0,0,46,716
2020,Andhra Pradesh,South India,Visakhapatnam,251,431,0,682,37,214,54,377,0,0,91,591
2021,Andhra Pradesh,South India,Visakhapatnam,454,791,0,1245,70,384,155,636,0,0,225,1020
2022,Andhra Pradesh,South India,Visakhapatnam,330,515,0,845,37,293,100,415,0,0,137,708
2018,Andhra Pradesh,South India,Vizianagaram,81,169,0,250,15,66,71,98,0,0,86,164
2019,Andhra Pradesh,South India,Vizianagaram,109,250,0,359,24,85,82,168,0,0,106,253
2020,Andhra Pradesh,South India,Vizianagaram,107,210,0,317,18,89,35,175,0,0,53,264
2021,Andhra Pradesh,South India,Vizianagaram,140,253,0,393,22,118,38,215,0,0,60,333
2022,Andhra Pradesh,South India,Vizianagaram,171,246,0,417,23,148,29,217,0,0,52,365
2018,Andhra Pradesh,South India,West Godavari,275,498,0,773,47,228,134,364,0,0,181,592
2019,Andhra Pradesh,South India,West Godavari,356,619,0,975,84,272,168,451,0,0,252,723
2020,Andhra Pradesh,South India,West Godavari,334,688,0,1022,62,272,177,511,0,0,239,783
2021,Andhra Pradesh,South India,West Godavari,313,730,0,1043,26,287,187,543,0,0,213,830
2022,Andhra Pradesh,South India,West Godavari,167,343,0,510,19,148,95,248,0,0,114,396
2022,Andhra Pradesh,South India,YSR,162,436,0,598,44,118,164,272,0,0,208,390
2019,Arunachal Pradesh,North East,All Districts,1,32,0,33,0,1,25,7,0,0,25,8
2018,Arunachal Pradesh,North East,Anjaw,0,0,0,0,0,0,0,0,0,0,0,0
2019,Arunachal Pradesh,North East,Anjaw,0,0,0,0,0,0,0,0,0,0,0,0
2020,Arunachal Pradesh,North East,Anjaw,0,0,0,0,0,0,0,0,0,0,0,0
2021,Arunachal Pradesh,North East,Anjaw,0,0,0,0,0,0,0,0,0,0,0,0
2022,Arunachal Pradesh,North East,Anjaw,2,0,0,2,0,2,0,0,0,0,0,2
2018,Arunachal Pradesh,North East,Changlang,1,4,0,5,0,1,2,2,0,0,2,3
2019,Arunachal Pradesh,North East,Changlang,6,9,0,15,3,3,7,2,0,0,10,5
2020,Arunachal Pradesh,North East,Changlang,0,0,0,0,0,0,0,0,0,0,0,0
2021,Arunachal Pradesh,North East,Changlang,0,0,0,0,0,0,0,0,0,0,0,0
2022,Arunachal Pradesh,North East,Changlang,7,7,0,14,4,3,2,5,0,0,6,8
2018,Arunachal Pradesh,North East,Crime Branch,0,0,0,0,0,0,0,0,0,0,0,0
2019,Arunachal Pradesh,North East,Crime Branch,0,0,0,0,0,0,0,0,0,0,0,0
2020,Arunachal Pradesh,North East,Crime Branch,0,0,0,0,0,0,0,0,0,0,0,0
2021,Arunachal Pradesh,North East,Crime Branch,0,0,0,0,0,0,0,0,0,0,0,0
2022,Arunachal Pradesh,North East,Crime Branch,0,0,0,0,0,0,0,0,0,0,0,0
2018,Arunachal Pradesh,North East,Dibang Valley,0,0,0,0,0,0,0,0,0,0,0,0
2019,Arunachal Pradesh,North East,Dibang Valley,0,0,0,0,0,0,0,0,0,0,0,0
2020,Arunachal Pradesh,North East,Dibang Valley,0,0,0,0,0,0,0,0,0,0,0,0
2021,Arunachal Pradesh,North East,Dibang Valley,0,0,0,0,0,0,0,0,0,0,0,0
2022,Arunachal Pradesh,North East,Dibang Valley,0,0,0,0,0,0,0,0,0,0,0,0
2018,Arunachal Pradesh,North East,Kameng East,0,0,0,0,0,0,0,0,0,0,0,0
2019,Arunachal Pradesh,North East,Kameng East,0,0,0,0,0,0,0,0,0,0,0,0
2020,Arunachal Pradesh,North East,Kameng East,0,0,0,0,0,0,0,0,0,0,0,0
2021,Arunachal Pradesh,North East,Kameng East,0,0,0,0,0,0,0,0,0,0,0,0
2022,Arunachal Pradesh,North East,Kameng East,0,0,0,0,0,0,0,0,0,0,0,0
2018,Arunachal Pradesh,North East,Kameng West,1,4,0,5,0,1,1,3,0,0,1,4
2019,Arunachal Pradesh,North East,Kameng West,0,2,0,2,0,0,2,0,0,0,2,0
2020,Arunachal Pradesh,North East,Kameng West,0,2,0,2,0,0,1,1,0,0,1,1
2021,Arunachal Pradesh,North East,Kameng West,1,2,0,3,1,0,1,1,0,0,2,1
2022,Arunachal Pradesh,North East,Kameng West,0,0,0,0,0,0,0,0,0,0,0,0
2018,Arunachal Pradesh,North East,Kamle,0,0,0,0,0,0,0,0,0,0,0,0
2019,Arunachal Pradesh,North East,Kamle,0,0,0,0,0,0,0,0,0,0,0,0
2020,Arunachal Pradesh,North East,Kamle,0,0,0,0,0,0,0,0,0,0,0,0
2021,Arunachal Pradesh,North East,Kamle,0,0,0,0,0,0,0,0,0,0,0,0
2022,Arunachal Pradesh,North East,Kamle,0,0,0,0,0,0,0,0,0,0,0,0
2019,Arunachal Pradesh,North East,Kra Dadi,0,0,0,0,0,0,0,0,0,0,0,0
2020,Arunachal Pradesh,North East,Kra Dadi,0,0,0,0,0,0,0,0,0,0,0,0
2021,Arunachal Pradesh,North East,Kra Dadi,0,0,0,0,0,0,0,0,0,0,0,0
2022,Arunachal Pradesh,North East,Kra Dadi,0,0,0,0,0,0,0,0,0,0,0,0
2018,Arunachal Pradesh,North East,Kurung Kumey,0,0,0,0,0,0,0,0,0,0,0,0
2019,Arunachal Pradesh,North East,Kurung Kumey,0,0,0,0,0,0,0,0,0,0,0,0
2020,Arunachal Pradesh,North East,Kurung Kumey,0,0,0,0,0,0,0,0,0,0,0,0
2021,Arunachal Pradesh,North East,Kurung Kumey,1,0,0,1,1,0,0,0,0,0,1,0
2022,Arunachal Pradesh,North East,Kurung Kumey,24,2,0,26,1,23,1,1,0,0,2,24
2018,Arunachal Pradesh,North East,Leparada,0,0,0,0,0,0,0,0,0,0,0,0
2019,Arunachal Pradesh,North East,Leparada,0,0,0,0,0,0,0,0,0,0,0,0
2020,Arunachal Pradesh,North East,Leparada,0,0,0,0,0,0,0,0,0,0,0,0
2021,Arunachal Pradesh,North East,Leparada,0,0,0,0,0,0,0,0,0,0,0,0
2022,Arunachal Pradesh,North East,Leparada,0,0,0,0,0,0,0,0,0,0,0,0
2018,Arunachal Pradesh,North East,Lohit,0,0,0,0,0,0,0,0,0,0,0,0
2019,Arunachal Pradesh,North East,Lohit,0,0,0,0,0,0,0,0,0,0,0,0
2020,Arunachal Pradesh,North East,Lohit,0,0,0,0,0,0,0,0,0,0,0,0
2021,Arunachal Pradesh,North East,Lohit,0,0,0,0,0,0,0,0,0,0,0,0
2022,Arunachal Pradesh,North East,Lohit,0,0,0,0,0,0,0,0,0,0,0,0
2018,Arunachal Pradesh,North East,Longding,0,0,0,0,0,0,0,0,0,0,0,0
2019,Arunachal Pradesh,North East,Longding,0,0,0,0,0,0,0,0,0,0,0,0
2020,Arunachal Pradesh,North East,Longding,0,0,0,0,0,0,0,0,0,0,0,0
2021,Arunachal Pradesh,North East,Longding,0,0,0,0,0,0,0,0,0,0,0,0
2022,Arunachal Pradesh,North East,Longding,0,0,0,0,0,0,0,0,0,0,0,0
2018,Arunachal Pradesh,North East,Lower Dibang Valley,1,4,0,5,1,0,4,0,0,0,5,0
2019,Arunachal Pradesh,North East,Lower Dibang Valley,0,0,0,0,0,0,0,0,0,0,0,0
2020,Arunachal Pradesh,North East,Lower Dibang Valley,0,0,0,0,0,0,0,0,0,0,0,0
2021,Arunachal Pradesh,North East,Lower Dibang Valley,0,0,0,0,0,0,0,0,0,0,0,0
2022,Arunachal Pradesh,North East,Lower Dibang Valley,0,0,0,0,0,0,0,0,0,0,0,0
2018,Arunachal Pradesh,North East,Lower Siang,0,0,0,0,0,0,0,0,0,0,0,0
2019,Arunachal Pradesh,North East,Lower Siang,0,0,0,0,0,0,0,0,0,0,0,0
2020,Arunachal Pradesh,North East,Lower Siang,0,0,0,0,0,0,0,0,0,0,0,0
2021,Arunachal Pradesh,North East,Lower Siang,0,0,0,0,0,0,0,0,0,0,0,0
2022,Arunachal Pradesh,North East,Lower Siang,0,0,0,0,0,0,0,0,0,0,0,0
2018,Arunachal Pradesh,North East,Namsai,0,0,0,0,0,0,0,0,0,0,0,0
2019,Arunachal Pradesh,North East,Namsai,0,0,0,0,0,0,0,0,0,0,0,0
2020,Arunachal Pradesh,North East,Namsai,0,3,0,3,0,0,3,0,0,0,3,0
2021,Arunachal Pradesh,North East,Namsai,0,0,0,0,0,0,0,0,0,0,0,0
2022,Arunachal Pradesh,North East,Namsai,0,2,0,2,0,0,2,0,0,0,2,0
2019,Arunachal Pradesh,North East,Pakkessang,0,0,0,0,0,0,0,0,0,0,0,0
2020,Arunachal Pradesh,North East,Pakkessang,0,0,0,0,0,0,0,0,0,0,0,0
2021,Arunachal Pradesh,North East,Pakkessang,0,0,0,0,0,0,0,0,0,0,0,0
2022,Arunachal Pradesh,North East,Pakkessang,0,0,0,0,0,0,0,0,0,0,0,0
2018,Arunachal Pradesh,North East,Papum Pare City,0,0,0,0,0,0,0,0,0,0,0,0
2020,Arunachal Pradesh,North East,Papum Pare City,5,4,0,9,3,2,4,0,0,0,7,2
2021,Arunachal Pradesh,North East,Papum Pare City,0,0,0,0,0,0,0,0,0,0,0,0
2022,Arunachal Pradesh,North East,Papum Pare City,0,0,0,0,0,0,0,0,0,0,0,0
2018,Arunachal Pradesh,North East,Papum Pare Rural,0,0,0,0,0,0,0,0,0,0,0,0
2019,Arunachal Pradesh,North East,Papum Pare Rural,8,0,0,8,7,1,0,0,0,0,7,1
2020,Arunachal Pradesh,North East,Papum Pare Rural,6,0,0,6,2,4,0,0,0,0,2,4
2021,Arunachal Pradesh,North East,Papum Pare Rural,0,0,0,0,0,0,0,0,0,0,0,0
2022,Arunachal Pradesh,North East,Papum Pare Rural,0,0,0,0,0,0,0,0,0,0,0,0
2019,Arunachal Pradesh,North East,Shiyomi,0,0,0,0,0,0,0,0,0,0,0,0
2020,Arunachal Pradesh,North East,Shiyomi,0,0,0,0,0,0,0,0,0,0,0,0
2021,Arunachal Pradesh,North East,Shiyomi,0,0,0,0,0,0,0,0,0,0,0,0
2022,Arunachal Pradesh,North East,Shiyomi,0,0,0,0,0,0,0,0,0,0,0,0
2018,Arunachal Pradesh,North East,Siang,0,0,0,0,0,0,0,0,0,0,0,0
2019,Arunachal Pradesh,North East,Siang,0,0,0,0,0,0,0,0,0,0,0,0
2020,Arunachal Pradesh,North East,Siang,0,0,0,0,0,0,0,0,0,0,0,0
2021,Arunachal Pradesh,North East,Siang,0,0,0,0,0,0,0,0,0,0,0,0
2022,Arunachal Pradesh,North East,Siang,0,0,0,0,0,0,0,0,0,0,0,0
2018,Arunachal Pradesh,North East,Siang East,0,0,0,0,0,0,0,0,0,0,0,0
2019,Arunachal Pradesh,North East,Siang East,0,0,0,0,0,0,0,0,0,0,0,0
2020,Arunachal Pradesh,North East,Siang East,0,0,0,0,0,0,0,0,0,0,0,0
2021,Arunachal Pradesh,North East,Siang East,0,0,0,0,0,0,0,0,0,0,0,0
2022,Arunachal Pradesh,North East,Siang East,0,0,0,0,0,0,0,0,0,0,0,0
2018,Arunachal Pradesh,North East,Siang Upper,0,0,0,0,0,0,0,0,0,0,0,0
2019,Arunachal Pradesh,North East,Siang Upper,0,0,0,0,0,0,0,0,0,0,0,0
2020,Arunachal Pradesh,North East,Siang Upper,0,0,0,0,0,0,0,0,0,0,0,0
2021,Arunachal Pradesh,North East,Siang Upper,0,0,0,0,0,0,0,0,0,0,0,0
2022,Arunachal Pradesh,North East,Siang Upper,0,0,0,0,0,0,0,0,0,0,0,0
2018,Arunachal Pradesh,North East,Siang West,0,0,0,0,0,0,0,0,0,0,0,0
2019,Arunachal Pradesh,North East,Siang West,0,0,0,0,0,0,0,0,0,0,0,0
2020,Arunachal Pradesh,North East,Siang West,0,0,0,0,0,0,0,0,0,0,0,0
2021,Arunachal Pradesh,North East,Siang West,0,0,0,0,0,0,0,0,0,0,0,0
2022,Arunachal Pradesh,North East,Siang West,0,0,0,0,0,0,0,0,0,0,0,0
2018,Arunachal Pradesh,North East,Subansiri Lower,0,0,0,0,0,0,0,0,0,0,0,0
2019,Arunachal Pradesh,North East,Subansiri Lower,0,0,0,0,0,0,0,0,0,0,0,0
2020,Arunachal Pradesh,North East,Subansiri Lower,0,0,0,0,0,0,0,0,0,0,0,0
2021,Arunachal Pradesh,North East,Subansiri Lower,18,0,0,18,11,7,0,0,0,0,11,7
2022,Arunachal Pradesh,North East,Subansiri Lower,2,0,0,2,2,0,0,0,0,0,2,0
2018,Arunachal Pradesh,North East,Subansiri Upper,0,0,0,0,0,0,0,0,0,0,0,0
2019,Arunachal Pradesh,North East,Subansiri Upper,0,0,0,0,0,0,0,0,0,0,0,0
2020,Arunachal Pradesh,North East,Subansiri Upper,0,0,0,0,0,0,0,0,0,0,0,0
2021,Arunachal Pradesh,North East,Subansiri Upper,30,0,0,30,30,0,0,0,0,0,30,0
2022,Arunachal Pradesh,North East,Subansiri Upper,0,0,0,0,0,0,0,0,0,0,0,0
2018,Arunachal Pradesh,North East,Tawang,0,0,0,0,0,0,0,0,0,0,0,0
2019,Arunachal Pradesh,North East,Tawang,0,0,0,0,0,0,0,0,0,0,0,0
2020,Arunachal Pradesh,North East,Tawang,0,0,0,0,0,0,0,0,0,0,0,0
2021,Arunachal Pradesh,North East,Tawang,0,0,0,0,0,0,0,0,0,0,0,0
2022,Arunachal Pradesh,North East,Tawang,0,0,0,0,0,0,0,0,0,0,0,0
2018,Arunachal Pradesh,North East,Tirap,0,0,0,0,0,0,0,0,0,0,0,0
2019,Arunachal Pradesh,North East,Tirap,0,0,0,0,0,0,0,0,0,0,0,0
2020,Arunachal Pradesh,North East,Tirap,0,0,0,0,0,0,0,0,0,0,0,0
2021,Arunachal Pradesh,North East,Tirap,0,0,0,0,0,0,0,0,0,0,0,0
2022,Arunachal Pradesh,North East,Tirap,5,5,0,10,2,3,0,5,0,0,2,8
2018,Arunachal Pradesh,North East,Total,3,12,0,15,1,2,7,5,0,0,8,7
2019,Arunachal Pradesh,North East,Total,15,43,0,58,10,5,34,9,0,0,44,14
2020,Arunachal Pradesh,North East,Total Districts ,11,9,0,20,5,6,8,1,0,0,13,7
2021,Arunachal Pradesh,North East,Total Districts ,50,2,0,52,43,7,1,1,0,0,44,8
2022,Arunachal Pradesh,North East,Total Districts ,40,16,0,56,9,31,5,11,0,0,14,42
2022,Assam,North East,Bajali,17,68,0,85,3,14,32,36,0,0,35,50
2018,Assam,North East,Baksa,29,106,0,135,14,15,12,94,0,0,26,109
2019,Assam,North East,Baksa,51,190,0,241,17,34,33,157,0,0,50,191
2020,Assam,North East,Baksa,32,142,0,174,3,29,9,133,0,0,12,162
2021,Assam,North East,Baksa,42,177,0,219,11,31,16,161,0,0,27,192
2022,Assam,North East,Baksa,32,114,0,146,5,27,11,103,0,0,16,130
2018,Assam,North East,Barpeta,11,13,0,24,3,8,3,10,0,0,6,18
2019,Assam,North East,Barpeta,12,16,0,28,4,8,3,13,0,0,7,21
2020,Assam,North East,Barpeta,11,28,0,39,4,7,14,14,0,0,18,21
2021,Assam,North East,Barpeta,73,19,0,92,0,73,0,19,0,0,0,92
2022,Assam,North East,Barpeta,28,49,0,77,0,28,0,49,0,0,0,77
2018,Assam,North East,BIEO,0,0,0,0,0,0,0,0,0,0,0,0
2019,Assam,North East,BIEO,0,0,0,0,0,0,0,0,0,0,0,0
2020,Assam,North East,BIEO,0,0,0,0,0,0,0,0,0,0,0,0
2021,Assam,North East,BIEO,0,0,0,0,0,0,0,0,0,0,0,0
2022,Assam,North East,BIEO,0,0,0,0,0,0,0,0,0,0,0,0
2018,Assam,North East,Biswanath,0,0,0,0,0,0,0,0,0,0,0,0
2019,Assam,North East,Biswanath,0,0,0,0,0,0,0,0,0,0,0,0
2020,Assam,North East,Biswanath,0,0,0,0,0,0,0,0,0,0,0,0
2021,Assam,North East,Biswanath,7,28,0,35,7,0,28,0,0,0,35,0
2022,Assam,North East,Biswanath,0,0,0,0,0,0,0,0,0,0,0,0
2018,Assam,North East,Bongaigaon,14,104,0,118,6,8,32,72,0,0,38,80
2019,Assam,North East,Bongaigaon,56,220,0,276,24,32,70,150,0,0,94,182
2020,Assam,North East,Bongaigaon,37,153,0,190,8,29,1,152,0,0,9,181
2021,Assam,North East,Bongaigaon,37,200,0,237,12,25,35,165,0,0,47,190
2022,Assam,North East,Bongaigaon,41,191,0,232,8,33,31,160,0,0,39,193
2018,Assam,North East,Cachar,122,369,0,491,30,92,42,327,0,0,72,419
2019,Assam,North East,Cachar,507,203,0,710,203,304,42,161,0,0,245,465
2020,Assam,North East,Cachar,83,136,0,219,60,23,97,39,0,0,157,62
2021,Assam,North East,Cachar,114,325,0,439,16,98,23,302,0,0,39,400
2022,Assam,North East,Cachar,0,0,0,0,0,0,0,0,0,0,0,0
2018,Assam,North East,Charaideo,0,0,0,0,0,0,0,0,0,0,0,0
2019,Assam,North East,Charaideo,16,45,0,61,5,11,13,32,0,0,18,43
2020,Assam,North East,Charaideo,32,84,5,121,4,28,8,76,3,2,15,106
2021,Assam,North East,Charaideo,31,75,0,106,5,26,29,46,0,0,34,72
2022,Assam,North East,Charaideo,46,158,0,204,19,27,53,105,0,0,72,132
2018,Assam,North East,Chirang,39,79,0,118,37,2,55,24,0,0,92,26
2019,Assam,North East,Chirang,22,73,0,95,3,19,9,64,0,0,12,83
2020,Assam,North East,Chirang,20,27,0,47,1,19,6,21,0,0,7,40
2021,Assam,North East,Chirang,0,0,0,0,0,0,0,0,0,0,0,0
2022,Assam,North East,Chirang,30,40,0,70,17,13,11,29,0,0,28,42
2018,Assam,North East,CID,0,0,0,0,0,0,0,0,0,0,0,0
2019,Assam,North East,CID,0,0,0,0,0,0,0,0,0,0,0,0
2020,Assam,North East,CID,0,0,0,0,0,0,0,0,0,0,0,0
2021,Assam,North East,CID,0,0,0,0,0,0,0,0,0,0,0,0
2022,Assam,North East,CID,0,0,0,0,0,0,0,0,0,0,0,0
2018,Assam,North East,Darrang,29,64,0,93,0,29,0,64,0,0,0,93
2019,Assam,North East,Darrang,24,60,0,84,2,22,6,54,0,0,8,76
2020,Assam,North East,Darrang,19,46,0,65,0,19,11,35,0,0,11,54
2021,Assam,North East,Darrang,40,159,0,199,0,40,3,156,0,0,3,196
2022,Assam,North East,Darrang,27,79,0,106,7,20,11,68,0,0,18,88
2018,Assam,North East,Dhemaji,52,89,0,141,17,35,15,74,0,0,32,109
2019,Assam,North East,Dhemaji,189,110,0,299,32,157,10,100,0,0,42,257
2020,Assam,North East,Dhemaji,32,59,0,91,17,15,18,41,0,0,35,56
2021,Assam,North East,Dhemaji,29,63,0,92,4,25,13,50,0,0,17,75
2022,Assam,North East,Dhemaji,44,106,0,150,10,34,11,95,0,0,21,129
2018,Assam,North East,Dhubri,63,144,0,207,17,46,75,69,0,0,92,115
2019,Assam,North East,Dhubri,75,250,0,325,17,58,102,148,0,0,119,206
2020,Assam,North East,Dhubri,48,181,0,229,13,35,78,103,0,0,91,138
2021,Assam,North East,Dhubri,66,193,0,259,15,51,77,116,0,0,92,167
2022,Assam,North East,Dhubri,67,214,0,281,32,35,176,38,0,0,208,73
2018,Assam,North East,Dibrugarh,26,31,0,57,8,18,7,24,0,0,15,42
2019,Assam,North East,Dibrugarh,2,10,0,12,2,0,10,0,0,0,12,0
2020,Assam,North East,Dibrugarh,2,6,0,8,2,0,6,0,0,0,8,0
2021,Assam,North East,Dibrugarh,15,28,0,43,6,9,14,14,0,0,20,23
2022,Assam,North East,Dibrugarh,7,7,0,14,5,2,2,5,0,0,7,7
2018,Assam,North East,Dima Hasao,16,27,0,43,8,8,7,20,0,0,15,28
2019,Assam,North East,Dima Hasao,11,29,0,40,2,9,4,25,0,0,6,34
2020,Assam,North East,Dima Hasao,13,7,0,20,0,13,0,7,0,0,0,20
2021,Assam,North East,Dima Hasao,0,0,0,0,0,0,0,0,0,0,0,0
2022,Assam,North East,Dima Hasao,0,0,0,0,0,0,0,0,0,0,0,0
2018,Assam,North East,Goalpara,15,6,0,21,0,15,0,6,0,0,0,21
2019,Assam,North East,Goalpara,0,0,0,0,0,0,0,0,0,0,0,0
2020,Assam,North East,Goalpara,0,0,0,0,0,0,0,0,0,0,0,0
2021,Assam,North East,Goalpara,0,0,0,0,0,0,0,0,0,0,0,0
2022,Assam,North East,Goalpara,0,0,0,0,0,0,0,0,0,0,0,0
2018,Assam,North East,Golaghat,24,374,0,398,4,20,121,253,0,0,125,273
2019,Assam,North East,Golaghat,25,52,0,77,0,25,0,52,0,0,0,77
2020,Assam,North East,Golaghat,33,215,0,248,11,22,13,202,0,0,24,224
2021,Assam,North East,Golaghat,19,257,0,276,13,6,257,0,0,0,270,6
2022,Assam,North East,Golaghat,4,80,0,84,4,0,7,73,0,0,11,73
2018,Assam,North East,GRP,7,6,0,13,1,6,2,4,0,0,3,10
2019,Assam,North East,GRP,0,0,0,0,0,0,0,0,0,0,0,0
2020,Assam,North East,GRP,1,4,0,5,1,0,4,0,0,0,5,0
2021,Assam,North East,GRP,0,0,0,0,0,0,0,0,0,0,0,0
2022,Assam,North East,GRP,0,0,0,0,0,0,0,0,0,0,0,0
2018,Assam,North East,Guwahati City,455,662,0,1117,96,359,111,551,0,0,207,910
2019,Assam,North East,Guwahati City,539,742,0,1281,85,454,98,644,0,0,183,1098
2020,Assam,North East,Guwahati City,421,597,0,1018,69,352,90,507,0,0,159,859
2021,Assam,North East,Guwahati City,500,650,0,1150,71,429,85,565,0,0,156,994
2022,Assam,North East,Guwahati City,592,747,0,1339,92,500,118,629,0,0,210,1129
2018,Assam,North East,Hailakandi,34,129,0,163,0,34,60,69,0,0,60,103
2019,Assam,North East,Hailakandi,34,167,0,201,11,23,43,124,0,0,54,147
2020,Assam,North East,Hailakandi,26,126,0,152,2,24,22,104,0,0,24,128
2021,Assam,North East,Hailakandi,93,68,0,161,70,23,47,21,0,0,117,44
2022,Assam,North East,Hailakandi,192,224,0,416,76,116,60,164,0,0,136,280
2018,Assam,North East,Hamren,0,0,0,0,0,0,0,0,0,0,0,0
2019,Assam,North East,Hamren,0,0,0,0,0,0,0,0,0,0,0,0
2020,Assam,North East,Hamren,4,12,0,16,0,4,1,11,0,0,1,15
2021,Assam,North East,Hamren,3,14,0,17,0,3,0,14,0,0,0,17
2022,Assam,North East,Hamren,6,10,0,16,3,3,4,6,0,0,7,9
2018,Assam,North East,Hojai,97,211,0,308,58,39,85,126,0,0,143,165
2019,Assam,North East,Hojai,94,232,0,326,36,58,101,131,0,0,137,189
2020,Assam,North East,Hojai,56,188,0,244,12,44,66,122,0,0,78,166
2021,Assam,North East,Hojai,43,88,0,131,24,19,24,64,0,0,48,83
2022,Assam,North East,Hojai,0,0,0,0,0,0,0,0,0,0,0,0
2018,Assam,North East,Jorhat,19,17,0,36,13,6,10,7,0,0,23,13
2019,Assam,North East,Jorhat,29,10,0,39,29,0,10,0,0,0,39,0
2020,Assam,North East,Jorhat,15,42,0,57,15,0,42,0,0,0,57,0
2021,Assam,North East,Jorhat,13,28,0,41,12,1,28,0,0,0,40,1
2022,Assam,North East,Jorhat,21,86,0,107,2,19,30,56,0,0,32,75
2018,Assam,North East,Kamrup,147,376,0,523,30,117,86,290,0,0,116,407
2019,Assam,North East,Kamrup,108,243,0,351,13,95,24,219,0,0,37,314
2020,Assam,North East,Kamrup,79,194,0,273,4,75,25,169,0,0,29,244
2021,Assam,North East,Kamrup,105,296,0,401,11,94,39,257,0,0,50,351
2022,Assam,North East,Kamrup,62,184,0,246,35,27,138,46,0,0,173,73
2018,Assam,North East,Karbi Anglong,34,41,0,75,19,15,35,6,0,0,54,21
2019,Assam,North East,Karbi Anglong,0,0,0,0,0,0,0,0,0,0,0,0
2020,Assam,North East,Karbi Anglong,0,0,0,0,0,0,0,0,0,0,0,0
2021,Assam,North East,Karbi Anglong,0,0,0,0,0,0,0,0,0,0,0,0
2022,Assam,North East,Karbi Anglong,0,0,0,0,0,0,0,0,0,0,0,0
2018,Assam,North East,Karimganj,72,184,0,256,3,69,13,171,0,0,16,240
2019,Assam,North East,Karimganj,0,0,0,0,0,0,0,0,0,0,0,0
2020,Assam,North East,Karimganj,37,80,0,117,0,37,4,76,0,0,4,113
2021,Assam,North East,Karimganj,0,0,0,0,0,0,0,0,0,0,0,0
2022,Assam,North East,Karimganj,0,0,0,0,0,0,0,0,0,0,0,0
2018,Assam,North East,Kokrajhar,0,0,0,0,0,0,0,0,0,0,0,0
2019,Assam,North East,Kokrajhar,0,0,0,0,0,0,0,0,0,0,0,0
2020,Assam,North East,Kokrajhar,24,88,0,112,3,21,35,53,0,0,38,74
2021,Assam,North East,Kokrajhar,40,68,0,108,3,37,3,65,0,0,6,102
2022,Assam,North East,Kokrajhar,0,69,0,69,0,0,27,42,0,0,27,42
2018,Assam,North East,Lakhimpur,0,0,0,0,0,0,0,0,0,0,0,0
2019,Assam,North East,Lakhimpur,76,100,0,176,19,57,74,26,0,0,93,83
2020,Assam,North East,Lakhimpur,36,165,0,201,9,27,41,124,0,0,50,151
2021,Assam,North East,Lakhimpur,56,113,0,169,2,54,8,105,0,0,10,159
2022,Assam,North East,Lakhimpur,0,0,0,0,0,0,0,0,0,0,0,0
2018,Assam,North East,Majuli,0,0,0,0,0,0,0,0,0,0,0,0
2019,Assam,North East,Majuli,5,7,0,12,0,5,0,7,0,0,0,12
2020,Assam,North East,Majuli,7,21,0,28,3,4,12,9,0,0,15,13
2021,Assam,North East,Majuli,0,0,0,0,0,0,0,0,0,0,0,0
2022,Assam,North East,Majuli,6,16,0,22,2,4,5,11,0,0,7,15
2018,Assam,North East,Morigaon,0,365,0,365,0,0,143,222,0,0,143,222
2019,Assam,North East,Morigaon,0,100,0,100,0,0,0,100,0,0,0,100
2020,Assam,North East,Morigaon,0,0,0,0,0,0,0,0,0,0,0,0
2021,Assam,North East,Morigaon,0,0,0,0,0,0,0,0,0,0,0,0
2022,Assam,North East,Morigaon,0,0,0,0,0,0,0,0,0,0,0,0
2018,Assam,North East,Nagaon,59,120,0,179,10,49,17,103,0,0,27,152
2019,Assam,North East,Nagaon,0,0,0,0,0,0,0,0,0,0,0,0
2020,Assam,North East,Nagaon,0,0,0,0,0,0,0,0,0,0,0,0
2021,Assam,North East,Nagaon,0,0,0,0,0,0,0,0,0,0,0,0
2022,Assam,North East,Nagaon,32,114,0,146,17,15,61,53,0,0,78,68
2018,Assam,North East,Nalbari,6,5,15,26,2,4,2,3,7,8,11,15
2019,Assam,North East,Nalbari,0,0,0,0,0,0,0,0,0,0,0,0
2020,Assam,North East,Nalbari,0,0,0,0,0,0,0,0,0,0,0,0
2021,Assam,North East,Nalbari,0,0,0,0,0,0,0,0,0,0,0,0
2022,Assam,North East,Nalbari,0,0,0,0,0,0,0,0,0,0,0,0
2018,Assam,North East,RPO,0,0,0,0,0,0,0,0,0,0,0,0
2019,Assam,North East,RPO,0,0,0,0,0,0,0,0,0,0,0,0
2020,Assam,North East,RPO,0,0,0,0,0,0,0,0,0,0,0,0
2021,Assam,North East,RPO,0,0,0,0,0,0,0,0,0,0,0,0
2022,Assam,North East,RPO,0,0,0,0,0,0,0,0,0,0,0,0
2018,Assam,North East,Sadia,20,40,0,60,6,14,5,35,0,0,11,49
2019,Assam,North East,Sadia,8,27,0,35,0,8,2,25,0,0,2,33
2020,Assam,North East,Sadia,29,39,0,68,7,22,6,33,0,0,13,55
2021,Assam,North East,Sadia,0,0,0,0,0,0,0,0,0,0,0,0
2022,Assam,North East,Sadia,0,0,0,0,0,0,0,0,0,0,0,0
2018,Assam,North East,Sibsagar,16,45,0,61,10,6,18,27,0,0,28,33
2019,Assam,North East,Sibsagar,13,19,0,32,9,4,13,6,0,0,22,10
2020,Assam,North East,Sibsagar,2,1,0,3,1,1,1,0,0,0,2,1
2021,Assam,North East,Sibsagar,10,122,0,132,7,3,44,78,0,0,51,81
2022,Assam,North East,Sibsagar,0,0,0,0,0,0,0,0,0,0,0,0
2018,Assam,North East,Sonitpur,57,230,0,287,25,32,121,109,0,0,146,141
2019,Assam,North East,Sonitpur,30,288,0,318,22,8,172,116,0,0,194,124
2020,Assam,North East,Sonitpur,0,0,0,0,0,0,0,0,0,0,0,0
2021,Assam,North East,Sonitpur,0,0,0,0,0,0,0,0,0,0,0,0
2022,Assam,North East,Sonitpur,0,0,0,0,0,0,0,0,0,0,0,0
2018,Assam,North East,SOU,0,0,0,0,0,0,0,0,0,0,0,0
2019,Assam,North East,SOU,0,0,0,0,0,0,0,0,0,0,0,0
2020,Assam,North East,SOU,0,0,0,0,0,0,0,0,0,0,0,0
2021,Assam,North East,SOU,0,0,0,0,0,0,0,0,0,0,0,0
2022,Assam,North East,SOU,0,0,0,0,0,0,0,0,0,0,0,0
2018,Assam,North East,South Salmara,10,31,0,41,4,6,7,24,0,0,11,30
2019,Assam,North East,South Salmara,15,49,0,64,6,9,13,36,0,0,19,45
2020,Assam,North East,South Salmara,19,30,0,49,2,17,5,25,0,0,7,42
2021,Assam,North East,South Salmara,1,3,0,4,1,0,0,3,0,0,1,3
2022,Assam,North East,South Salmara,22,99,0,121,7,15,21,78,0,0,28,93
2018,Assam,North East,STF,0,0,0,0,0,0,0,0,0,0,0,0
2019,Assam,North East,STF,0,0,0,0,0,0,0,0,0,0,0,0
2020,Assam,North East,STF,0,0,0,0,0,0,0,0,0,0,0,0
2021,Assam,North East,STF,0,0,0,0,0,0,0,0,0,0,0,0
2022,Assam,North East,STF,0,0,0,0,0,0,0,0,0,0,0,0
2022,Assam,North East,Tamulpur,0,0,0,0,0,0,0,0,0,0,0,0
2018,Assam,North East,Tinsukia,24,62,0,86,8,16,14,48,0,0,22,64
2019,Assam,North East,Tinsukia,40,88,0,128,12,28,5,83,0,0,17,111
2020,Assam,North East,Tinsukia,22,43,0,65,3,19,5,38,0,0,8,57
2021,Assam,North East,Tinsukia,113,77,0,190,17,96,77,0,0,0,94,96
2022,Assam,North East,Tinsukia,89,176,0,265,6,83,22,154,0,0,28,237
2018,Assam,North East,Total,1550,4087,15,5652,440,1110,1192,2895,7,8,1639,4013
2019,Assam,North East,Total,1981,3330,0,5311,553,1428,857,2473,0,0,1410,3901
2020,Assam,North East,Total Districts ,1140,2714,5,3859,254,886,620,2094,3,2,877,2982
2021,Assam,North East,Total Districts ,1496,3178,0,4674,309,1187,852,2326,0,0,1161,3513
2022,Assam,North East,Total Districts ,1405,2968,0,4373,358,1047,840,2128,0,0,1198,3175
2018,Assam,North East,Udalguri,53,157,0,210,11,42,94,63,0,0,105,105
2019,Assam,North East,Udalguri,0,0,0,0,0,0,0,0,0,0,0,0
2020,Assam,North East,Udalguri,0,0,0,0,0,0,0,0,0,0,0,0
2021,Assam,North East,Udalguri,46,127,0,173,2,44,2,125,0,0,4,169
2022,Assam,North East,Udalguri,40,137,0,177,8,32,9,128,0,0,17,160
2018,Bihar,North India,Anti Terrorist Squad,0,0,0,0,0,0,0,0,0,0,0,0
2019,Bihar,North India,Anti Terrorist Squad,0,0,0,0,0,0,0,0,0,0,0,0
2020,Bihar,North India,Anti Terrorist Squad,0,0,0,0,0,0,0,0,0,0,0,0
2021,Bihar,North India,Anti Terrorist Squad,0,0,0,0,0,0,0,0,0,0,0,0
2022,Bihar,North India,Anti Terrorist Squad,0,0,0,0,0,0,0,0,0,0,0,0
2018,Bihar,North India,Araria,18,162,0,180,11,7,149,13,0,0,160,20
2019,Bihar,North India,Araria,37,178,0,215,16,21,116,62,0,0,132,83
2020,Bihar,North India,Araria,22,166,0,188,11,11,75,91,0,0,86,102
2021,Bihar,North India,Araria,0,0,0,0,0,0,0,0,0,0,0,0
2022,Bihar,North India,Araria,36,247,0,283,17,19,162,85,0,0,179,104
2018,Bihar,North India,Arwal,6,31,0,37,6,0,27,4,0,0,33,4
2019,Bihar,North India,Arwal,6,39,0,45,5,1,25,14,0,0,30,15
2020,Bihar,North India,Arwal,8,17,0,25,5,3,13,4,0,0,18,7
2021,Bihar,North India,Arwal,4,25,0,29,0,4,14,11,0,0,14,15
2022,Bihar,North India,Arwal,7,42,0,49,7,0,29,13,0,0,36,13
2018,Bihar,North India,Aurangabad,33,51,0,84,9,24,35,16,0,0,44,40
2019,Bihar,North India,Aurangabad,37,52,0,89,23,14,28,24,0,0,51,38
2020,Bihar,North India,Aurangabad,18,62,0,80,10,8,46,16,0,0,56,24
2021,Bihar,North India,Aurangabad,33,13,0,46,11,22,6,7,0,0,17,29
2022,Bihar,North India,Aurangabad,32,5,0,37,18,14,1,4,0,0,19,18
2018,Bihar,North India,Bagaha,21,72,0,93,12,9,58,14,0,0,70,23
2019,Bihar,North India,Bagaha,10,85,0,95,7,3,66,19,0,0,73,22
2020,Bihar,North India,Bagaha,6,92,0,98,4,2,70,22,0,0,74,24
2021,Bihar,North India,Bagaha,2,2,0,4,1,1,2,0,0,0,3,1
2022,Bihar,North India,Bagaha,6,27,0,33,1,5,16,11,0,0,17,16
2018,Bihar,North India,Banka,28,157,0,185,16,12,103,54,0,0,119,66
2019,Bihar,North India,Banka,32,181,0,213,22,10,119,62,0,0,141,72
2020,Bihar,North India,Banka,20,86,0,106,9,11,62,24,0,0,71,35
2021,Bihar,North India,Banka,3,126,0,129,0,3,103,23,0,0,103,26
2022,Bihar,North India,Banka,13,122,0,135,5,8,94,28,0,0,99,36
2018,Bihar,North India,Begusarai,42,218,0,260,36,6,165,53,0,0,201,59
2019,Bihar,North India,Begusarai,17,136,0,153,12,5,129,7,0,0,141,12
2020,Bihar,North India,Begusarai,0,0,0,0,0,0,0,0,0,0,0,0
2021,Bihar,North India,Begusarai,7,156,0,163,0,7,26,130,0,0,26,137
2022,Bihar,North India,Begusarai,44,260,0,304,24,20,223,37,0,0,247,57
2018,Bihar,North India,Bettiah,96,69,0,165,74,22,47,22,0,0,121,44
2019,Bihar,North India,Bettiah,185,16,0,201,149,36,13,3,0,0,162,39
2020,Bihar,North India,Bettiah,28,131,0,159,8,20,96,35,0,0,104,55
2021,Bihar,North India,Bettiah,34,314,0,348,12,22,106,208,0,0,118,230
2022,Bihar,North India,Bettiah,33,13,0,46,21,12,8,5,0,0,29,17
2018,Bihar,North India,Bhabhua,31,107,0,138,25,6,87,20,0,0,112,26
2019,Bihar,North India,Bhabhua,35,129,0,164,21,14,95,34,0,0,116,48
2020,Bihar,North India,Bhabhua,11,62,0,73,8,3,43,19,0,0,51,22
2018,Bihar,North India,Bhagalpur,49,254,0,303,30,19,177,77,0,0,207,96
2019,Bihar,North India,Bhagalpur,65,323,0,388,36,29,224,99,0,0,260,128
2020,Bihar,North India,Bhagalpur,50,244,0,294,21,29,157,87,0,0,178,116
2021,Bihar,North India,Bhagalpur,0,0,0,0,0,0,0,0,0,0,0,0
2022,Bihar,North India,Bhagalpur,66,322,0,388,28,38,161,161,0,0,189,199
2018,Bihar,North India,Bhojpur,23,118,0,141,12,11,90,28,0,0,102,39
2019,Bihar,North India,Bhojpur,41,169,0,210,26,15,124,45,0,0,150,60
2020,Bihar,North India,Bhojpur,43,156,0,199,20,23,105,51,0,0,125,74
2021,Bihar,North India,Bhojpur,44,99,0,143,31,13,75,24,0,0,106,37
2022,Bihar,North India,Bhojpur,39,12,0,51,19,20,9,3,0,0,28,23
2018,Bihar,North India,Buxar,25,139,0,164,14,11,105,34,0,0,119,45
2019,Bihar,North India,Buxar,36,139,0,175,25,11,85,54,0,0,110,65
2020,Bihar,North India,Buxar,37,103,0,140,19,18,47,56,0,0,66,74
2021,Bihar,North India,Buxar,7,5,0,12,5,2,3,2,0,0,8,4
2022,Bihar,North India,Buxar,12,10,0,22,6,6,4,6,0,0,10,12
2018,Bihar,North India,Darbhanga,48,264,0,312,28,20,187,77,0,0,215,97
2019,Bihar,North India,Darbhanga,32,210,0,242,26,6,164,46,0,0,190,52
2020,Bihar,North India,Darbhanga,20,139,0,159,11,9,116,23,0,0,127,32
2021,Bihar,North India,Darbhanga,40,224,0,264,23,17,137,87,0,0,160,104
2022,Bihar,North India,Darbhanga,31,242,0,273,14,17,175,67,0,0,189,84
2018,Bihar,North India,Economic Offences Unit,0,0,0,0,0,0,0,0,0,0,0,0
2019,Bihar,North India,Economic Offences Unit,0,0,0,0,0,0,0,0,0,0,0,0
2020,Bihar,North India,Economic Offences Unit,0,0,0,0,0,0,0,0,0,0,0,0
2021,Bihar,North India,Economic Offences Unit,0,0,0,0,0,0,0,0,0,0,0,0
2022,Bihar,North India,Economic Offences Unit,0,0,0,0,0,0,0,0,0,0,0,0
2018,Bihar,North India,Gaya,90,305,0,395,45,45,214,91,0,0,259,136
2019,Bihar,North India,Gaya,117,348,0,465,75,42,249,99,0,0,324,141
2020,Bihar,North India,Gaya,57,272,0,329,31,26,156,116,0,0,187,142
2021,Bihar,North India,Gaya,29,17,0,46,13,16,8,9,0,0,21,25
2022,Bihar,North India,Gaya,34,33,0,67,22,12,16,17,0,0,38,29
2018,Bihar,North India,Gopalganj,32,208,0,240,11,21,163,45,0,0,174,66
2019,Bihar,North India,Gopalganj,28,153,0,181,13,15,120,33,0,0,133,48
2020,Bihar,North India,Gopalganj,25,166,0,191,23,2,65,101,0,0,88,103
2021,Bihar,North India,Gopalganj,31,254,0,285,18,13,188,66,0,0,206,79
2022,Bihar,North India,Gopalganj,24,315,0,339,8,16,185,130,0,0,193,146
2018,Bihar,North India,Jamalpur Railway,3,3,0,6,1,2,2,1,0,0,3,3
2019,Bihar,North India,Jamalpur Railway,4,0,0,4,4,0,0,0,0,0,4,0
2020,Bihar,North India,Jamalpur Railway,0,0,0,0,0,0,0,0,0,0,0,0
2021,Bihar,North India,Jamalpur Railway,0,0,0,0,0,0,0,0,0,0,0,0
2022,Bihar,North India,Jamalpur Railway,0,2,0,2,0,0,0,2,0,0,0,2
2018,Bihar,North India,Jamui,30,121,0,151,14,16,84,37,0,0,98,53
2019,Bihar,North India,Jamui,33,110,0,143,19,14,85,25,0,0,104,39
2020,Bihar,North India,Jamui,31,84,0,115,7,24,45,39,0,0,52,63
2021,Bihar,North India,Jamui,15,48,0,63,5,10,22,26,0,0,27,36
2022,Bihar,North India,Jamui,25,108,0,133,16,9,78,30,0,0,94,39
2018,Bihar,North India,Jehanabad,33,96,0,129,24,9,88,8,0,0,112,17
2019,Bihar,North India,Jehanabad,32,94,0,126,17,15,75,19,0,0,92,34
2020,Bihar,North India,Jehanabad,21,45,0,66,11,10,32,13,0,0,43,23
2021,Bihar,North India,Jehanabad,22,68,0,90,14,8,43,25,0,0,57,33
2022,Bihar,North India,Jehanabad,13,84,0,97,10,3,52,32,0,0,62,35
2021,Bihar,North India,Kaimur(Bhabhua),18,70,0,88,11,7,57,13,0,0,68,20
2022,Bihar,North India,Kaimur(Bhabhua),18,95,0,113,12,6,64,31,0,0,76,37
2018,Bihar,North India,Katihar,37,226,0,263,26,11,219,7,0,0,245,18
2019,Bihar,North India,Katihar,31,234,0,265,15,16,167,67,0,0,182,83
2020,Bihar,North India,Katihar,43,141,0,184,0,43,55,86,0,0,55,129
2021,Bihar,North India,Katihar,28,153,0,181,0,28,19,134,0,0,19,162
2022,Bihar,North India,Katihar,20,215,0,235,13,7,147,68,0,0,160,75
2018,Bihar,North India,Katihar Railway,7,11,0,18,4,3,2,9,0,0,6,12
2019,Bihar,North India,Katihar Railway,4,1,0,5,2,2,0,1,0,0,2,3
2020,Bihar,North India,Katihar Railway,0,0,0,0,0,0,0,0,0,0,0,0
2021,Bihar,North India,Katihar Railway,3,3,0,6,2,1,2,1,0,0,4,2
2022,Bihar,North India,Katihar Railway,0,2,0,2,0,0,2,0,0,0,2,0
2018,Bihar,North India,Khagaria,23,130,0,153,19,4,91,39,0,0,110,43
2019,Bihar,North India,Khagaria,34,157,0,191,24,10,102,55,0,0,126,65
2020,Bihar,North India,Khagaria,47,66,0,113,25,22,34,32,0,0,59,54
2021,Bihar,North India,Khagaria,19,162,0,181,0,19,91,71,0,0,91,90
2022,Bihar,North India,Khagaria,23,210,0,233,10,13,57,153,0,0,67,166
2018,Bihar,North India,Kishanganj,17,106,0,123,11,6,74,32,0,0,85,38
2019,Bihar,North India,Kishanganj,11,71,0,82,3,8,41,30,0,0,44,38
2020,Bihar,North India,Kishanganj,14,87,0,101,7,7,47,40,0,0,54,47
2021,Bihar,North India,Kishanganj,0,0,0,0,0,0,0,0,0,0,0,0
2022,Bihar,North India,Kishanganj,28,93,0,121,16,12,57,36,0,0,73,48
2018,Bihar,North India,Lakhisarai,25,43,0,68,20,5,31,12,0,0,51,17
2019,Bihar,North India,Lakhisarai,24,72,0,96,16,8,65,7,0,0,81,15
2020,Bihar,North India,Lakhisarai,7,31,0,38,3,4,17,14,0,0,20,18
2021,Bihar,North India,Lakhisarai,13,68,0,81,7,6,47,21,0,0,54,27
2022,Bihar,North India,Lakhisarai,7,101,0,108,4,3,66,35,0,0,70,38
2018,Bihar,North India,Madhepura,21,166,0,187,14,7,112,54,0,0,126,61
2019,Bihar,North India,Madhepura,43,177,0,220,28,15,113,64,0,0,141,79
2020,Bihar,North India,Madhepura,35,85,0,120,8,27,47,38,0,0,55,65
2021,Bihar,North India,Madhepura,12,137,0,149,3,9,77,60,0,0,80,69
2022,Bihar,North India,Madhepura,0,0,0,0,0,0,0,0,0,0,0,0
2018,Bihar,North India,Madhubani,26,180,0,206,21,5,122,58,0,0,143,63
2019,Bihar,North India,Madhubani,5,22,0,27,3,2,19,3,0,0,22,5
2020,Bihar,North India,Madhubani,6,48,0,54,4,2,37,11,0,0,41,13
2021,Bihar,North India,Madhubani,12,157,0,169,8,4,104,53,0,0,112,57
2022,Bihar,North India,Madhubani,22,203,0,225,10,12,188,15,0,0,198,27
2018,Bihar,North India,Motihari,53,305,0,358,29,24,213,92,0,0,242,116
2019,Bihar,North India,Motihari,63,421,0,484,43,20,316,105,0,0,359,125
2020,Bihar,North India,Motihari,36,223,0,259,17,19,173,50,0,0,190,69
2021,Bihar,North India,Motihari,41,308,0,349,24,17,213,95,0,0,237,112
2022,Bihar,North India,Motihari,7,315,0,322,4,3,211,104,0,0,215,107
2018,Bihar,North India,Munger,34,160,0,194,21,13,113,47,0,0,134,60
2019,Bihar,North India,Munger,51,186,0,237,28,23,132,54,0,0,160,77
2020,Bihar,North India,Munger,31,125,0,156,13,18,88,37,0,0,101,55
2021,Bihar,North India,Munger,33,35,0,68,20,13,19,16,0,0,39,29
2022,Bihar,North India,Munger,51,197,0,248,26,25,117,80,0,0,143,105
2018,Bihar,North India,Muzaffarpur,135,495,0,630,76,59,336,159,0,0,412,218
2019,Bihar,North India,Muzaffarpur,149,619,0,768,84,65,378,241,0,0,462,306
2020,Bihar,North India,Muzaffarpur,120,432,0,552,43,77,255,177,0,0,298,254
2021,Bihar,North India,Muzaffarpur,101,668,0,769,30,71,339,329,0,0,369,400
2022,Bihar,North India,Muzaffarpur,65,698,0,763,38,27,402,296,0,0,440,323
2018,Bihar,North India,Muzaffarpur Railway,4,7,0,11,3,1,3,4,0,0,6,5
2019,Bihar,North India,Muzaffarpur Railway,0,2,0,2,0,0,2,0,0,0,2,0
2020,Bihar,North India,Muzaffarpur Railway,0,0,0,0,0,0,0,0,0,0,0,0
2021,Bihar,North India,Muzaffarpur Railway,3,3,0,6,2,1,1,2,0,0,3,3
2022,Bihar,North India,Muzaffarpur Railway,1,7,0,8,1,0,5,2,0,0,6,2
2018,Bihar,North India,Nalanda,120,249,0,369,89,31,172,77,0,0,261,108
2019,Bihar,North India,Nalanda,119,346,0,465,77,42,244,102,0,0,321,144
2020,Bihar,North India,Nalanda,89,519,0,608,43,46,409,110,0,0,452,156
2021,Bihar,North India,Nalanda,99,380,0,479,40,59,241,139,0,0,281,198
2022,Bihar,North India,Nalanda,112,405,0,517,55,57,244,161,0,0,299,218
2018,Bihar,North India,Naugachia,19,83,0,102,12,7,65,18,0,0,77,25
2019,Bihar,North India,Naugachia,17,87,0,104,9,8,74,13,0,0,83,21
2020,Bihar,North India,Naugachia,0,0,0,0,0,0,0,0,0,0,0,0
2021,Bihar,North India,Naugachia,19,71,0,90,19,0,71,0,0,0,90,0
2022,Bihar,North India,Naugachia,8,32,0,40,8,0,32,0,0,0,40,0
2018,Bihar,North India,Nawadah,68,163,0,231,41,24,116,47,0,0,157,74
2019,Bihar,North India,Nawadah,66,199,0,265,42,24,137,62,0,0,179,86
2020,Bihar,North India,Nawadah,8,74,0,82,8,0,74,0,0,0,82,0
2021,Bihar,North India,Nawadah,27,111,0,138,27,0,111,0,0,0,138,0
2022,Bihar,North India,Nawadah,53,195,0,248,30,23,132,63,0,0,162,86
2018,Bihar,North India,Patna,319,862,0,1181,152,167,607,255,0,0,759,422
2019,Bihar,North India,Patna,329,1061,0,1390,179,150,689,372,0,0,868,522
2020,Bihar,North India,Patna,258,736,0,994,94,164,471,265,0,0,565,429
2021,Bihar,North India,Patna,295,885,0,1180,131,164,568,317,0,0,699,481
2022,Bihar,North India,Patna,329,998,0,1327,153,176,655,343,0,0,808,519
2018,Bihar,North India,Patna Railway,10,12,0,22,3,7,6,6,0,0,9,13
2019,Bihar,North India,Patna Railway,7,16,0,23,1,6,2,14,0,0,3,20
2020,Bihar,North India,Patna Railway,3,2,0,5,1,2,2,0,0,0,3,2
2021,Bihar,North India,Patna Railway,0,2,0,2,0,0,1,1,0,0,1,1
2022,Bihar,North India,Patna Railway,0,0,0,0,0,0,0,0,0,0,0,0
2018,Bihar,North India,Purnea,45,157,0,202,28,17,116,41,0,0,144,58
2019,Bihar,North India,Purnea,59,227,0,286,38,21,161,66,0,0,199,87
2020,Bihar,North India,Purnea,27,171,0,198,13,14,87,84,0,0,100,98
2021,Bihar,North India,Purnea,2,0,0,2,2,0,0,0,0,0,2,0
2022,Bihar,North India,Purnea,7,43,0,50,4,3,25,18,0,0,29,21
2018,Bihar,North India,Rohtas,51,177,0,228,35,16,135,42,0,0,170,58
2019,Bihar,North India,Rohtas,70,246,0,316,36,34,169,77,0,0,205,111
2020,Bihar,North India,Rohtas,51,143,0,194,26,25,93,50,0,0,119,75
2021,Bihar,North India,Rohtas,23,19,0,42,15,8,6,13,0,0,21,21
2022,Bihar,North India,Rohtas,34,53,0,87,17,17,31,22,0,0,48,39
2018,Bihar,North India,Saharsa,40,112,0,152,23,17,67,45,0,0,90,62
2019,Bihar,North India,Saharsa,29,112,0,141,10,19,61,51,0,0,71,70
2020,Bihar,North India,Saharsa,15,79,0,94,5,10,43,36,0,0,48,46
2021,Bihar,North India,Saharsa,1,0,0,1,0,1,0,0,0,0,0,1
2022,Bihar,North India,Saharsa,0,0,0,0,0,0,0,0,0,0,0,0
2018,Bihar,North India,Samastipur,31,258,0,289,22,9,184,74,0,0,206,83
2019,Bihar,North India,Samastipur,48,290,0,338,26,22,200,90,0,0,226,112
2020,Bihar,North India,Samastipur,20,198,0,218,0,20,145,53,0,0,145,73
2021,Bihar,North India,Samastipur,13,140,0,153,8,5,114,26,0,0,122,31
2022,Bihar,North India,Samastipur,5,335,0,340,0,5,189,146,0,0,189,151
2018,Bihar,North India,Saran,102,407,0,509,54,48,308,99,0,0,362,147
2019,Bihar,North India,Saran,112,438,0,550,55,57,290,148,0,0,345,205
2020,Bihar,North India,Saran,88,320,0,408,40,48,229,91,0,0,269,139
2021,Bihar,North India,Saran,103,431,0,534,51,52,295,136,0,0,346,188
2022,Bihar,North India,Saran,88,494,0,582,57,31,467,27,0,0,524,58
2018,Bihar,North India,Sheikhpura,21,57,0,78,14,7,44,13,0,0,58,20
2019,Bihar,North India,Sheikhpura,11,40,0,51,3,8,25,15,0,0,28,23
2020,Bihar,North India,Sheikhpura,11,29,0,40,3,8,23,6,0,0,26,14
2021,Bihar,North India,Sheikhpura,10,54,0,64,7,3,37,17,0,0,44,20
2022,Bihar,North India,Sheikhpura,19,70,0,89,7,12,48,22,0,0,55,34
2018,Bihar,North India,Sheohar,16,65,0,81,7,9,54,11,0,0,61,20
2019,Bihar,North India,Sheohar,8,43,0,51,4,4,36,7,0,0,40,11
2020,Bihar,North India,Sheohar,2,44,0,46,0,2,14,30,0,0,14,32
2021,Bihar,North India,Sheohar,0,0,0,0,0,0,0,0,0,0,0,0
2022,Bihar,North India,Sheohar,5,45,0,50,2,3,33,12,0,0,35,15
2018,Bihar,North India,Sitamarhi,76,304,0,380,61,15,230,74,0,0,291,89
2019,Bihar,North India,Sitamarhi,66,328,0,394,47,19,245,83,0,0,292,102
2020,Bihar,North India,Sitamarhi,72,271,0,343,60,12,231,40,0,0,291,52
2021,Bihar,North India,Sitamarhi,74,294,0,368,42,32,183,111,0,0,225,143
2022,Bihar,North India,Sitamarhi,59,415,0,474,24,35,270,145,0,0,294,180
2018,Bihar,North India,Siwan,36,193,0,229,27,9,186,7,0,0,213,16
2019,Bihar,North India,Siwan,41,214,0,255,34,7,174,40,0,0,208,47
2020,Bihar,North India,Siwan,25,160,0,185,16,9,117,43,0,0,133,52
2021,Bihar,North India,Siwan,0,166,75,241,0,0,148,18,0,75,148,93
2022,Bihar,North India,Siwan,42,264,0,306,21,21,188,76,0,0,209,97
2018,Bihar,North India,Supaul,26,133,0,159,16,10,98,35,0,0,114,45
2019,Bihar,North India,Supaul,16,152,0,168,9,7,110,42,0,0,119,49
2020,Bihar,North India,Supaul,16,107,0,123,8,8,79,28,0,0,87,36
2021,Bihar,North India,Supaul,15,134,0,149,6,9,91,43,0,0,97,52
2022,Bihar,North India,Supaul,10,130,0,140,5,5,84,46,0,0,89,51
2018,Bihar,North India,Total,2067,7775,0,9842,1249,818,5701,2074,0,0,6950,2892
2019,Bihar,North India,Total,2239,8453,0,10692,1364,875,5935,2518,0,0,7299,3393
2020,Bihar,North India,Total Districts ,1509,6287,0,7796,674,835,4194,2093,0,0,4868,2928
2021,Bihar,North India,Total Districts ,1377,6144,75,7596,708,669,3870,2274,0,75,4578,3018
2022,Bihar,North India,Total Districts ,1544,7903,0,9447,796,748,5204,2699,0,0,6000,3447
2018,Bihar,North India,Vaishali,97,339,0,436,53,44,216,123,0,0,269,167
2019,Bihar,North India,Vaishali,79,330,0,409,52,27,266,64,0,0,318,91
2020,Bihar,North India,Vaishali,88,371,0,459,39,49,296,75,0,0,335,124
2021,Bihar,North India,Vaishali,142,342,0,484,120,22,302,40,0,0,422,62
2022,Bihar,North India,Vaishali,116,444,0,560,63,53,277,167,0,0,340,220
2019,Chandigarh,North India,All Districts,0,0,0,0,0,0,0,0,0,0,0,0
2018,Chandigarh,North India,Chandigarh,240,354,0,594,87,153,147,207,0,0,234,360
2019,Chandigarh,North India,Chandigarh,332,465,0,797,67,265,135,330,0,0,202,595
2020,Chandigarh,North India,Chandigarh,276,442,1,719,44,232,109,333,0,1,153,566
2021,Chandigarh,North India,Chandigarh,349,533,0,882,47,302,133,400,0,0,180,702
2022,Chandigarh,North India,Chandigarh,309,473,1,783,35,274,133,340,0,1,168,615
2018,Chandigarh,North India,Total,240,354,0,594,87,153,147,207,0,0,234,360
2019,Chandigarh,North India,Total,332,465,0,797,67,265,135,330,0,0,202,595
2020,Chandigarh,North India,Total Districts ,276,442,1,719,44,232,109,333,0,1,153,566
2021,Chandigarh,North India,Total Districts ,349,533,0,882,47,302,133,400,0,0,180,702
2022,Chandigarh,North India,Total Districts ,309,473,1,783,35,274,133,340,0,1,168,615
2018,Chhattisgarh,North India,Balod,82,260,0,342,10,72,37,223,0,0,47,295
2019,Chhattisgarh,North India,Balod,95,382,0,477,11,84,77,305,0,0,88,389
2020,Chhattisgarh,North India,Balod,105,280,0,385,15,90,32,248,0,0,47,338
2021,Chhattisgarh,North India,Balod,109,387,0,496,6,103,63,324,0,0,69,427
2022,Chhattisgarh,North India,Balod,116,387,0,503,4,112,63,324,0,0,67,436
2018,Chhattisgarh,North India,Balodbazar,143,511,0,654,28,115,103,408,0,0,131,523
2019,Chhattisgarh,North India,Balodbazar,147,688,0,835,21,126,159,529,0,0,180,655
2020,Chhattisgarh,North India,Balodbazar,139,522,0,661,12,127,176,346,0,0,188,473
2021,Chhattisgarh,North India,Balodbazar,139,644,0,783,11,128,163,481,0,0,174,609
2022,Chhattisgarh,North India,Balodbazar,172,654,0,826,23,149,182,472,0,0,205,621
2018,Chhattisgarh,North India,Balrampur,32,110,0,142,11,21,49,61,0,0,60,82
2019,Chhattisgarh,North India,Balrampur,43,150,0,193,8,35,46,104,0,0,54,139
2020,Chhattisgarh,North India,Balrampur,49,158,0,207,16,33,60,98,0,0,76,131
2021,Chhattisgarh,North India,Balrampur,56,193,0,249,2,54,68,125,0,0,70,179
2022,Chhattisgarh,North India,Balrampur,71,202,0,273,17,54,71,131,0,0,88,185
2018,Chhattisgarh,North India,Bemetra,69,216,0,285,7,62,52,164,0,0,59,226
2019,Chhattisgarh,North India,Bemetra,72,293,0,365,10,62,77,216,0,0,87,278
2020,Chhattisgarh,North India,Bemetra,55,215,0,270,10,45,40,175,0,0,50,220
2021,Chhattisgarh,North India,Bemetra,78,307,0,385,6,72,72,235,0,0,78,307
2022,Chhattisgarh,North India,Bemetra,98,349,0,447,10,88,70,279,0,0,80,367
2018,Chhattisgarh,North India,Bilaspur,394,950,0,1344,74,320,267,683,0,0,341,1003
2019,Chhattisgarh,North India,Bilaspur,317,1075,0,1392,46,271,336,739,0,0,382,1010
2020,Chhattisgarh,North India,Bilaspur,288,742,0,1030,33,255,188,554,0,0,221,809
2021,Chhattisgarh,North India,Bilaspur,453,1026,0,1479,51,402,245,781,0,0,296,1183
2022,Chhattisgarh,North India,Bilaspur,0,0,0,0,0,0,0,0,0,0,0,0
2018,Chhattisgarh,North India,Bizapur,8,18,0,26,3,5,4,14,0,0,7,19
2019,Chhattisgarh,North India,Bizapur,15,40,0,55,4,11,10,30,0,0,14,41
2020,Chhattisgarh,North India,Bizapur,22,32,0,54,4,18,11,21,0,0,15,39
2021,Chhattisgarh,North India,Bizapur,10,32,0,42,0,10,9,23,0,0,9,33
2022,Chhattisgarh,North India,Bizapur,21,37,0,58,0,21,12,25,0,0,12,46
2018,Chhattisgarh,North India,Dantewara,23,33,0,56,4,19,7,26,0,0,11,45
2019,Chhattisgarh,North India,Dantewara,29,46,0,75,8,21,8,38,0,0,16,59
2020,Chhattisgarh,North India,Dantewara,13,44,0,57,2,11,13,31,0,0,15,42
2021,Chhattisgarh,North India,Dantewara,20,59,0,79,2,18,19,40,0,0,21,58
2022,Chhattisgarh,North India,Dantewara,32,74,0,106,4,28,22,52,0,0,26,80
2018,Chhattisgarh,North India,Dhamtari,93,299,0,392,16,77,43,256,0,0,59,333
2019,Chhattisgarh,North India,Dhamtari,115,340,0,455,13,102,52,288,0,0,65,390
2020,Chhattisgarh,North India,Dhamtari,114,357,0,471,11,103,61,296,0,0,72,399
2021,Chhattisgarh,North India,Dhamtari,140,415,0,555,13,127,62,353,0,0,75,480
2022,Chhattisgarh,North India,Dhamtari,118,400,0,518,10,108,52,348,0,0,62,456
2018,Chhattisgarh,North India,Durg,424,873,0,1297,65,359,190,683,0,0,255,1042
2019,Chhattisgarh,North India,Durg,461,1020,0,1481,62,399,212,808,0,0,274,1207
2020,Chhattisgarh,North India,Durg,327,798,0,1125,41,286,161,637,0,0,202,923
2021,Chhattisgarh,North India,Durg,372,1043,0,1415,50,322,221,822,0,0,271,1144
2022,Chhattisgarh,North India,Durg,428,1018,0,1446,43,385,234,784,0,0,277,1169
2018,Chhattisgarh,North India,Gariyaband,54,158,0,212,5,49,40,118,0,0,45,167
2019,Chhattisgarh,North India,Gariyaband,39,205,0,244,0,39,49,156,0,0,49,195
2020,Chhattisgarh,North India,Gariyaband,47,185,0,232,4,43,38,147,0,0,42,190
2021,Chhattisgarh,North India,Gariyaband,69,206,0,275,4,65,44,162,0,0,48,227
2022,Chhattisgarh,North India,Gariyaband,96,249,0,345,8,88,37,212,0,0,45,300
2020,Chhattisgarh,North India,Gaurela-Pendra-Marwari,132,257,0,389,10,122,38,219,0,0,48,341
2021,Chhattisgarh,North India,Gaurela-Pendra-Marwari,38,176,0,214,8,30,37,139,0,0,45,169
2022,Chhattisgarh,North India,Gaurela-Pendra-Marwari,55,177,0,232,14,41,56,121,0,0,70,162
2018,Chhattisgarh,North India,GRP Raipur,15,11,0,26,0,15,1,10,0,0,1,25
2019,Chhattisgarh,North India,GRP Raipur,16,18,0,34,0,16,1,17,0,0,1,33
2020,Chhattisgarh,North India,GRP Raipur,3,15,0,18,0,3,4,11,0,0,4,14
2021,Chhattisgarh,North India,GRP Raipur,9,18,0,27,1,8,5,13,0,0,6,21
2022,Chhattisgarh,North India,GRP Raipur,8,19,0,27,2,6,4,15,0,0,6,21
2018,Chhattisgarh,North India,Jagdalpur,56,163,0,219,9,47,44,119,0,0,53,166
2019,Chhattisgarh,North India,Jagdalpur,65,217,0,282,5,60,71,146,0,0,76,206
2020,Chhattisgarh,North India,Jagdalpur,72,222,0,294,6,66,78,144,0,0,84,210
2021,Chhattisgarh,North India,Jagdalpur,86,288,0,374,9,77,89,199,0,0,98,276
2022,Chhattisgarh,North India,Jagdalpur,95,290,0,385,11,84,68,222,0,0,79,306
2018,Chhattisgarh,North India,Janjgir,193,567,0,760,34,159,152,415,0,0,186,574
2019,Chhattisgarh,North India,Janjgir,197,667,0,864,28,169,148,519,0,0,176,688
2020,Chhattisgarh,North India,Janjgir,138,526,0,664,21,117,144,382,0,0,165,499
2021,Chhattisgarh,North India,Janjgir,226,775,0,1001,31,195,198,577,0,0,229,772
2022,Chhattisgarh,North India,Janjgir,275,909,0,1184,45,230,275,634,0,0,320,864
2018,Chhattisgarh,North India,Jashpur,53,198,0,251,14,39,72,126,0,0,86,165
2019,Chhattisgarh,North India,Jashpur,69,193,0,262,15,54,51,142,0,0,66,196
2020,Chhattisgarh,North India,Jashpur,43,190,0,233,6,37,76,114,0,0,82,151
2021,Chhattisgarh,North India,Jashpur,77,268,0,345,16,61,82,186,0,0,98,247
2022,Chhattisgarh,North India,Jashpur,89,350,0,439,16,73,94,256,0,0,110,329
2018,Chhattisgarh,North India,Kabirdham,98,218,0,316,28,70,62,156,0,0,90,226
2019,Chhattisgarh,North India,Kabirdham,97,288,0,385,17,80,72,216,0,0,89,296
2020,Chhattisgarh,North India,Kabirdham,90,247,0,337,17,73,62,185,0,0,79,258
2021,Chhattisgarh,North India,Kabirdham,90,308,0,398,16,74,91,217,0,0,107,291
2022,Chhattisgarh,North India,Kabirdham,125,374,0,499,15,110,91,283,0,0,106,393
2018,Chhattisgarh,North India,Kanker,190,370,0,560,86,104,276,94,0,0,362,198
2019,Chhattisgarh,North India,Kanker,64,133,0,197,12,52,48,85,0,0,60,137
2020,Chhattisgarh,North India,Kanker,58,212,0,270,1,57,47,165,0,0,48,222
2021,Chhattisgarh,North India,Kanker,136,280,0,416,6,130,64,216,0,0,70,346
2022,Chhattisgarh,North India,Kanker,103,339,0,442,8,95,66,273,0,0,74,368
2022,Chhattisgarh,North India,Khairagarh - Chhuikhadan-Gandai,66,214,0,280,7,59,64,150,0,0,71,209
2018,Chhattisgarh,North India,Kondagaon,23,90,0,113,4,19,22,68,0,0,26,87
2019,Chhattisgarh,North India,Kondagaon,30,100,0,130,1,29,15,85,0,0,16,114
2020,Chhattisgarh,North India,Kondagaon,33,111,0,144,1,32,24,87,0,0,25,119
2021,Chhattisgarh,North India,Kondagaon,42,172,0,214,4,38,40,132,0,0,44,170
2022,Chhattisgarh,North India,Kondagaon,62,220,0,282,9,53,53,167,0,0,62,220
2018,Chhattisgarh,North India,Korba,162,352,0,514,30,132,94,258,0,0,124,390
2019,Chhattisgarh,North India,Korba,172,462,0,634,32,140,112,350,0,0,144,490
2020,Chhattisgarh,North India,Korba,144,370,0,514,20,124,86,284,0,0,106,408
2021,Chhattisgarh,North India,Korba,198,538,0,736,23,175,112,426,0,0,135,601
2022,Chhattisgarh,North India,Korba,200,596,0,796,39,161,129,467,0,0,168,628
2018,Chhattisgarh,North India,Koriya,85,242,0,327,15,70,56,186,0,0,71,256
2019,Chhattisgarh,North India,Koriya,95,309,0,404,9,86,63,246,0,0,72,332
2020,Chhattisgarh,North India,Koriya,66,212,0,278,8,58,49,163,0,0,57,221
2021,Chhattisgarh,North India,Koriya,91,316,0,407,9,82,98,218,0,0,107,300
2022,Chhattisgarh,North India,Koriya,27,118,0,145,4,23,27,91,0,0,31,114
2018,Chhattisgarh,North India,Mahasamund,108,331,0,439,8,100,38,293,0,0,46,393
2019,Chhattisgarh,North India,Mahasamund,109,374,0,483,17,92,57,317,0,0,74,409
2020,Chhattisgarh,North India,Mahasamund,105,285,0,390,5,100,50,235,0,0,55,335
2021,Chhattisgarh,North India,Mahasamund,155,458,0,613,9,146,86,372,0,0,95,518
2022,Chhattisgarh,North India,Mahasamund,330,560,0,890,180,150,0,560,0,0,180,710
2022,Chhattisgarh,North India,Manendragarh-Chirmiri-Bharatpur,49,254,0,303,6,43,75,179,0,0,81,222
2022,Chhattisgarh,North India,Mohla-Manpur-Ambagarh Chouki,32,127,0,159,3,29,29,98,0,0,32,127
2018,Chhattisgarh,North India,Mungali,76,192,0,268,15,61,59,133,0,0,74,194
2019,Chhattisgarh,North India,Mungali,79,274,0,353,14,65,87,187,0,0,101,252
2020,Chhattisgarh,North India,Mungali,60,200,0,260,8,52,50,150,0,0,58,202
2021,Chhattisgarh,North India,Mungali,61,274,0,335,5,56,77,197,0,0,82,253
2022,Chhattisgarh,North India,Mungali,73,305,0,378,4,69,70,235,0,0,74,304
2018,Chhattisgarh,North India,Narayanpur,14,12,0,26,4,10,4,8,0,0,8,18
2019,Chhattisgarh,North India,Narayanpur,7,33,0,40,2,5,13,20,0,0,15,25
2020,Chhattisgarh,North India,Narayanpur,6,26,0,32,3,3,12,14,0,0,15,17
2021,Chhattisgarh,North India,Narayanpur,8,41,0,49,3,5,12,29,0,0,15,34
2022,Chhattisgarh,North India,Narayanpur,11,51,0,62,4,7,14,37,0,0,18,44
2018,Chhattisgarh,North India,Raigarh,272,624,0,896,53,219,147,477,0,0,200,696
2019,Chhattisgarh,North India,Raigarh,242,736,0,978,39,203,176,560,0,0,215,763
2020,Chhattisgarh,North India,Raigarh,179,526,0,705,17,162,131,395,0,0,148,557
2021,Chhattisgarh,North India,Raigarh,214,630,0,844,25,189,136,494,0,0,161,683
2022,Chhattisgarh,North India,Raigarh,256,607,0,863,28,228,151,456,0,0,179,684
2018,Chhattisgarh,North India,Raipur,708,1519,0,2227,126,582,342,1177,0,0,468,1759
2019,Chhattisgarh,North India,Raipur,794,1792,0,2586,110,684,385,1407,0,0,495,2091
2020,Chhattisgarh,North India,Raipur,554,1363,0,1917,46,508,260,1103,0,0,306,1611
2021,Chhattisgarh,North India,Raipur,635,1764,0,2399,70,565,425,1339,0,0,495,1904
2022,Chhattisgarh,North India,Raipur,840,1862,0,2702,103,737,389,1473,0,0,492,2210
2018,Chhattisgarh,North India,Rajnandgaon,213,617,0,830,21,192,88,529,0,0,109,721
2019,Chhattisgarh,North India,Rajnandgaon,248,723,0,971,21,227,126,597,0,0,147,824
2020,Chhattisgarh,North India,Rajnandgaon,178,526,0,704,12,166,87,439,0,0,99,605
2021,Chhattisgarh,North India,Rajnandgaon,261,745,0,1006,11,250,130,615,0,0,141,865
2022,Chhattisgarh,North India,Rajnandgaon,186,518,0,704,8,178,99,419,0,0,107,597
2022,Chhattisgarh,North India,Sakti,0,0,0,0,0,0,0,0,0,0,0,0
2022,Chhattisgarh,North India,Sarangarh-Bilaigarh,81,332,7,420,7,74,66,266,7,0,80,340
2018,Chhattisgarh,North India,Sarguja,100,280,0,380,14,86,78,202,0,0,92,288
2019,Chhattisgarh,North India,Sarguja,100,318,0,418,17,83,85,233,0,0,102,316
2020,Chhattisgarh,North India,Sarguja,86,265,0,351,11,75,70,195,0,0,81,270
2021,Chhattisgarh,North India,Sarguja,139,424,0,563,17,122,124,300,0,0,141,422
2022,Chhattisgarh,North India,Sarguja,149,425,0,574,20,129,118,307,0,0,138,436
2018,Chhattisgarh,North India,Sukma,6,8,0,14,1,5,5,3,0,0,6,8
2019,Chhattisgarh,North India,Sukma,13,31,0,44,6,7,10,21,0,0,16,28
2020,Chhattisgarh,North India,Sukma,15,20,0,35,4,11,6,14,0,0,10,25
2021,Chhattisgarh,North India,Sukma,11,47,0,58,1,10,23,24,0,0,24,34
2022,Chhattisgarh,North India,Sukma,20,38,0,58,6,14,14,24,0,0,20,38
2018,Chhattisgarh,North India,Surajpur,66,190,0,256,8,58,49,141,0,0,57,199
2019,Chhattisgarh,North India,Surajpur,62,201,0,263,9,53,60,141,0,0,69,194
2020,Chhattisgarh,North India,Surajpur,52,207,0,259,8,44,53,154,0,0,61,198
2021,Chhattisgarh,North India,Surajpur,87,275,0,362,4,83,70,205,0,0,74,288
2022,Chhattisgarh,North India,Surajpur,83,256,0,339,9,74,65,191,0,0,74,265
2018,Chhattisgarh,North India,Total,3760,9412,0,13172,693,3067,2381,7031,0,0,3074,10098
2019,Chhattisgarh,North India,Total,3792,11108,0,14900,537,3255,2606,8502,0,0,3143,11757
2020,Chhattisgarh,North India,Total Districts ,3173,9113,0,12286,352,2821,2107,7006,0,0,2459,9827
2021,Chhattisgarh,North India,Total Districts ,4010,12109,0,16119,413,3597,2865,9244,0,0,3278,12841
2022,Chhattisgarh,North India,Total Districts ,4367,12311,7,16685,667,3700,2760,9551,7,0,3434,13251
2018,Daman Diu,Other,Daman,38,77,0,115,7,31,18,59,0,0,25,90
2019,Daman Diu,Other,Daman,42,71,0,113,5,37,12,59,0,0,17,96
2018,Daman Diu,Other,Diu,9,3,0,12,0,9,0,3,0,0,0,12
2019,Daman Diu,Other,Diu,11,11,0,22,0,11,0,11,0,0,0,22
2018,Daman Diu,Other,Total,47,80,0,127,7,40,18,62,0,0,25,102
2019,Daman Diu,Other,Total,53,82,0,135,5,48,12,70,0,0,17,118
2018,Delhi,North India,Central,497,511,0,1008,122,375,174,337,0,0,296,712
2019,Delhi,North India,Central,493,469,0,962,136,357,145,324,0,0,281,681
2020,Delhi,North India,Central,296,361,2,659,56,240,128,233,2,0,186,473
2021,Delhi,North India,Central,404,484,0,888,94,310,172,312,0,0,266,622
2022,Delhi,North India,Central,448,487,0,935,96,352,185,302,0,0,281,654
2018,Delhi,North India,Crime Branch,0,0,0,0,0,0,0,0,0,0,0,0
2019,Delhi,North India,Crime Branch,0,0,0,0,0,0,0,0,0,0,0,0
2020,Delhi,North India,Crime Branch,0,0,0,0,0,0,0,0,0,0,0,0
2021,Delhi,North India,Crime Branch,0,0,0,0,0,0,0,0,0,0,0,0
2022,Delhi,North India,Crime Branch,0,0,0,0,0,0,0,0,0,0,0,0
2018,Delhi,North India,Dwarka,874,1103,0,1977,183,691,370,733,0,0,553,1424
2019,Delhi,North India,Dwarka,930,1222,0,2152,185,745,340,882,0,0,525,1627
2020,Delhi,North India,Dwarka,647,995,0,1642,82,565,308,687,0,0,390,1252
2021,Delhi,North India,Dwarka,778,1255,0,2033,126,652,366,889,0,0,492,1541
2022,Delhi,North India,Dwarka,836,1273,0,2109,139,697,354,919,0,0,493,1616
2018,Delhi,North India,East,652,815,0,1467,151,501,249,566,0,0,400,1067
2019,Delhi,North India,East,594,709,0,1303,104,490,184,525,0,0,288,1015
2020,Delhi,North India,East,403,562,0,965,71,332,146,416,0,0,217,748
2021,Delhi,North India,East,474,665,0,1139,89,385,221,444,0,0,310,829
2022,Delhi,North India,East,515,733,0,1248,72,443,213,520,0,0,285,963
2018,Delhi,North India,EOW,0,0,0,0,0,0,0,0,0,0,0,0
2019,Delhi,North India,EOW,0,0,0,0,0,0,0,0,0,0,0,0
2020,Delhi,North India,EOW,0,0,0,0,0,0,0,0,0,0,0,0
2021,Delhi,North India,EOW,0,0,0,0,0,0,0,0,0,0,0,0
2022,Delhi,North India,EOW,0,0,0,0,0,0,0,0,0,0,0,0
2018,Delhi,North India,IGI Airport,10,7,0,17,0,10,0,7,0,0,0,17
2019,Delhi,North India,IGI Airport,15,5,0,20,0,15,0,5,0,0,0,20
2020,Delhi,North India,IGI Airport,9,1,0,10,0,9,0,1,0,0,0,10
2021,Delhi,North India,IGI Airport,8,3,0,11,0,8,0,3,0,0,0,11
2022,Delhi,North India,IGI Airport,26,3,0,29,0,26,0,3,0,0,0,29
2018,Delhi,North India,Metro,26,21,0,47,1,25,2,19,0,0,3,44
2019,Delhi,North India,Metro,25,13,0,38,3,22,3,10,0,0,6,32
2020,Delhi,North India,Metro,3,6,0,9,0,3,0,6,0,0,0,9
2021,Delhi,North India,Metro,6,3,0,9,0,6,0,3,0,0,0,9
2022,Delhi,North India,Metro,9,10,0,19,1,8,4,6,0,0,5,14
2018,Delhi,North India,New Delhi,137,73,0,210,51,86,25,48,0,0,76,134
2019,Delhi,North India,New Delhi,128,86,0,214,28,100,23,63,0,0,51,163
2020,Delhi,North India,New Delhi,61,55,0,116,8,53,14,41,0,0,22,94
2021,Delhi,North India,New Delhi,75,62,0,137,25,50,13,49,0,0,38,99
2022,Delhi,North India,New Delhi,74,62,0,136,16,58,20,42,0,0,36,100
2018,Delhi,North India,North,550,478,0,1028,126,424,147,331,0,0,273,755
2019,Delhi,North India,North,541,577,0,1118,75,466,173,404,0,0,248,870
2020,Delhi,North India,North,340,441,0,781,55,285,119,322,0,0,174,607
2021,Delhi,North India,North,435,526,0,961,83,352,172,354,0,0,255,706
2022,Delhi,North India,North,558,616,0,1174,113,445,213,403,0,0,326,848
2018,Delhi,North India,North-East,1065,1333,0,2398,259,806,354,979,0,0,613,1785
2019,Delhi,North India,North-East,1057,1380,0,2437,210,847,349,1031,0,0,559,1878
2020,Delhi,North India,North-East,775,1150,0,1925,110,665,283,867,0,0,393,1532
2021,Delhi,North India,North-East,893,1295,0,2188,164,729,371,924,0,0,535,1653
2022,Delhi,North India,North-East,1048,1314,0,2362,180,868,349,965,0,0,529,1833
2018,Delhi,North India,North-West,853,1257,0,2110,211,642,440,817,0,0,651,1459
2019,Delhi,North India,North-West,845,937,0,1782,206,639,311,626,0,0,517,1265
2020,Delhi,North India,North-West,418,683,0,1101,68,350,246,437,0,0,314,787
2021,Delhi,North India,North-West,505,865,0,1370,89,416,307,558,0,0,396,974
2022,Delhi,North India,North-West,531,706,0,1237,103,428,241,465,0,0,344,893
2018,Delhi,North India,Outer,1189,1686,0,2875,217,972,481,1205,0,0,698,2177
2019,Delhi,North India,Outer,950,1315,0,2265,156,794,359,956,0,0,515,1750
2020,Delhi,North India,Outer,733,1052,0,1785,96,637,293,759,0,0,389,1396
2021,Delhi,North India,Outer,871,1442,0,2313,150,721,384,1058,0,0,534,1779
2022,Delhi,North India,Outer,916,1362,0,2278,143,773,336,1026,0,0,479,1799
2019,Delhi,North India,Outer North,1003,1302,0,2305,275,728,468,834,0,0,743,1562
2020,Delhi,North India,Outer North,662,1117,0,1779,170,492,388,729,0,0,558,1221
2021,Delhi,North India,Outer North,888,1358,0,2246,234,654,516,842,0,0,750,1496
2022,Delhi,North India,Outer North,1028,1693,0,2721,291,737,611,1082,0,0,902,1819
2018,Delhi,North India,Outer Nortj,0,0,0,0,0,0,0,0,0,0,0,0
2018,Delhi,North India,RAILWAY,99,77,0,176,16,83,13,64,0,0,29,147
2019,Delhi,North India,RAILWAY,112,92,0,204,21,91,18,74,0,0,39,165
2020,Delhi,North India,RAILWAY,23,32,0,55,5,18,2,30,0,0,7,48
2021,Delhi,North India,RAILWAY,38,40,0,78,6,32,8,32,0,0,14,64
2022,Delhi,North India,RAILWAY,38,45,0,83,4,34,11,34,0,0,15,68
2018,Delhi,North India,Rohini,1102,1474,0,2576,311,791,492,982,0,0,803,1773
2019,Delhi,North India,Rohini,835,1134,0,1969,202,633,365,769,0,0,567,1402
2020,Delhi,North India,Rohini,665,870,0,1535,134,531,239,631,0,0,373,1162
2021,Delhi,North India,Rohini,641,1004,0,1645,146,495,344,660,0,0,490,1155
2022,Delhi,North India,Rohini,785,1012,0,1797,179,606,338,674,0,0,517,1280
2018,Delhi,North India,Shahdara,625,638,0,1263,107,518,178,460,0,0,285,978
2019,Delhi,North India,Shahdara,653,734,0,1387,113,540,235,499,0,0,348,1039
2020,Delhi,North India,Shahdara,462,521,0,983,51,411,117,404,0,0,168,815
2021,Delhi,North India,Shahdara,495,583,0,1078,56,439,159,424,0,0,215,863
2022,Delhi,North India,Shahdara,599,735,0,1334,93,506,195,540,0,0,288,1046
2018,Delhi,North India,South,903,1141,0,2044,218,685,362,779,0,0,580,1464
2019,Delhi,North India,South,796,1003,0,1799,169,627,288,715,0,0,457,1342
2020,Delhi,North India,South,468,698,0,1166,73,395,203,495,0,0,276,890
2021,Delhi,North India,South,539,888,0,1427,88,451,220,668,0,0,308,1119
2022,Delhi,North India,South,584,951,28,1563,91,493,289,662,10,18,390,1173
2018,Delhi,North India,South-East,778,1103,0,1881,203,575,342,761,0,0,545,1336
2019,Delhi,North India,South-East,714,972,0,1686,186,528,315,657,0,0,501,1185
2020,Delhi,North India,South-East,478,806,0,1284,75,403,252,554,0,0,327,957
2021,Delhi,North India,South-East,629,1019,0,1648,110,519,398,621,0,0,508,1140
2022,Delhi,North India,South-East,768,1136,0,1904,162,606,400,736,0,0,562,1342
2018,Delhi,North India,South-West,601,763,0,1364,152,449,247,516,0,0,399,965
2019,Delhi,North India,South-West,557,793,0,1350,113,444,251,542,0,0,364,986
2020,Delhi,North India,South-West,380,610,0,990,58,322,177,433,0,0,235,755
2021,Delhi,North India,South-West,450,828,0,1278,79,371,260,568,0,0,339,939
2022,Delhi,North India,South-West,577,859,0,1436,98,479,262,597,0,0,360,1076
2018,Delhi,North India,Spl Cell,0,0,0,0,0,0,0,0,0,0,0,0
2019,Delhi,North India,Spl Cell,0,0,0,0,0,0,0,0,0,0,0,0
2020,Delhi,North India,Spl Cell,0,0,0,0,0,0,0,0,0,0,0,0
2021,Delhi,North India,Spl Cell,0,0,0,0,0,0,0,0,0,0,0,0
2022,Delhi,North India,Spl Cell,0,0,0,0,0,0,0,0,0,0,0,0
2018,Delhi,North India,SPUWAC,0,0,0,0,0,0,0,0,0,0,0,0
2019,Delhi,North India,SPUWAC,0,0,0,0,0,0,0,0,0,0,0,0
2020,Delhi,North India,SPUWAC,0,0,0,0,0,0,0,0,0,0,0,0
2021,Delhi,North India,SPUWAC,0,0,0,0,0,0,0,0,0,0,0,0
2022,Delhi,North India,SPUWAC,0,0,0,0,0,0,0,0,0,0,0,0
2018,Delhi,North India,Total,10590,13272,0,23862,2430,8160,4111,9161,0,0,6541,17321
2019,Delhi,North India,Total,10874,13544,0,24418,2298,8576,4057,9487,0,0,6355,18063
2020,Delhi,North India,Total Districts ,7300,10644,2,17946,1172,6128,3125,7519,2,0,4299,13647
2021,Delhi,North India,Total Districts ,8638,13072,0,21710,1598,7040,4174,8898,0,0,5772,15938
2022,Delhi,North India,Total Districts ,9957,13883,28,23868,1852,8105,4288,9595,10,18,6150,17718
2018,Delhi,North India,Vigilance,0,0,0,0,0,0,0,0,0,0,0,0
2019,Delhi,North India,Vigilance,0,0,0,0,0,0,0,0,0,0,0,0
2020,Delhi,North India,Vigilance,0,0,0,0,0,0,0,0,0,0,0,0
2021,Delhi,North India,Vigilance,0,0,0,0,0,0,0,0,0,0,0,0
2022,Delhi,North India,Vigilance,0,0,0,0,0,0,0,0,0,0,0,0
2018,Delhi,North India,West,629,792,0,1421,102,527,235,557,0,0,337,1084
2019,Delhi,North India,West,626,801,0,1427,116,510,230,571,0,0,346,1081
2020,Delhi,North India,West,477,684,0,1161,60,417,210,474,0,0,270,891
2021,Delhi,North India,West,509,752,0,1261,59,450,263,489,0,0,322,939
2022,Delhi,North India,West,617,886,0,1503,71,546,267,619,0,0,338,1165
2019,DN Haveli,Other,All Districts,0,0,0,0,0,0,0,0,0,0,0,0
2018,DN Haveli,Other,D&N Haveli,14,46,0,60,0,14,0,46,0,0,0,60
2019,DN Haveli,Other,D&N Haveli,19,50,0,69,0,19,3,47,0,0,3,66
2018,DN Haveli,Other,Total,14,46,0,60,0,14,0,46,0,0,0,60
2019,DN Haveli,Other,Total,19,50,0,69,0,19,3,47,0,0,3,66
2020,DN Haveli and Daman & Diu,Other,D&N Haveli,9,19,0,28,0,9,0,19,0,0,0,28
2020,DN Haveli and Daman & Diu,Other,Daman,25,27,0,52,1,24,1,26,0,0,2,50
2020,DN Haveli and Daman & Diu,Other,Diu,13,5,0,18,0,13,1,4,0,0,1,17
2020,DN Haveli and Daman & Diu,Other,Total Districts ,47,51,0,98,1,46,2,49,0,0,3,95
2021,DN Haveli and Daman Diu,West Coast,D&N Haveli,23,57,0,80,3,20,11,46,0,0,14,66
2022,DN Haveli and Daman Diu,West Coast,D&N Haveli,28,65,0,93,0,28,0,65,0,0,0,93
2021,DN Haveli and Daman Diu,West Coast,Daman,17,30,0,47,1,16,4,26,0,0,5,42
2022,DN Haveli and Daman Diu,West Coast,Daman,43,65,0,108,1,42,6,59,0,0,7,101
2021,DN Haveli and Daman Diu,West Coast,Diu,8,13,0,21,0,8,0,13,0,0,0,21
2022,DN Haveli and Daman Diu,West Coast,Diu,9,5,0,14,3,6,1,4,0,0,4,10
2021,DN Haveli and Daman Diu,West Coast,Total Districts ,48,100,0,148,4,44,15,85,0,0,19,129
2022,DN Haveli and Daman Diu,West Coast,Total Districts ,80,135,0,215,4,76,7,128,0,0,11,204
2018,Goa,West Coast,CID,6,2,0,8,0,6,0,2,0,0,0,8
2019,Goa,West Coast,CID,6,2,0,8,0,6,0,2,0,0,0,8
2020,Goa,West Coast,CID,3,0,0,3,0,3,0,0,0,0,0,3
2018,Goa,West Coast,North Goa,142,121,0,263,5,137,7,114,0,0,12,251
2019,Goa,West Coast,North Goa,151,131,0,282,3,148,7,124,0,0,10,272
2020,Goa,West Coast,North Goa,122,92,0,214,6,116,3,89,0,0,9,205
2021,Goa,West Coast,North Goa,161,113,0,274,3,158,3,110,0,0,6,268
2022,Goa,West Coast,North Goa,177,130,13,320,9,168,4,126,0,13,13,307
2018,Goa,West Coast,South Goa,110,111,0,221,1,109,3,108,0,0,4,217
2019,Goa,West Coast,South Goa,161,164,0,325,4,157,17,147,0,0,21,304
2020,Goa,West Coast,South Goa,132,98,0,230,3,129,3,95,0,0,6,224
2021,Goa,West Coast,South Goa,131,111,0,242,4,127,3,108,0,0,7,235
2022,Goa,West Coast,South Goa,152,153,1,306,7,145,6,147,0,1,13,293
2018,Goa,West Coast,Total,258,234,0,492,6,252,10,224,0,0,16,476
2019,Goa,West Coast,Total,318,297,0,615,7,311,24,273,0,0,31,584
2020,Goa,West Coast,Total Districts ,257,190,0,447,9,248,6,184,0,0,15,432
2021,Goa,West Coast,Total Districts ,300,225,0,525,7,293,6,219,0,0,13,512
2022,Goa,West Coast,Total Districts ,341,283,14,638,16,325,10,273,0,14,26,612
2018,Gujarat,West Coast,Ahmedabad City,940,1929,0,2869,91,849,332,1597,0,0,423,2446
2019,Gujarat,West Coast,Ahmedabad City,1065,2149,21,3235,84,981,325,1824,0,21,409,2826
2020,Gujarat,West Coast,Ahmedabad City,913,2134,0,3047,64,849,264,1870,0,0,328,2719
2021,Gujarat,West Coast,Ahmedabad City,1078,2778,0,3856,65,1013,273,2505,0,0,338,3518
2022,Gujarat,West Coast,Ahmedabad City,1232,2711,0,3943,76,1156,327,2384,0,0,403,3540
2018,Gujarat,West Coast,Ahmedabad Rural,57,127,0,184,10,47,9,118,0,0,19,165
2019,Gujarat,West Coast,Ahmedabad Rural,79,98,0,177,4,75,6,92,0,0,10,167
2020,Gujarat,West Coast,Ahmedabad Rural,44,97,0,141,9,35,2,95,0,0,11,130
2021,Gujarat,West Coast,Ahmedabad Rural,58,117,0,175,8,50,9,108,0,0,17,158
2022,Gujarat,West Coast,Ahmedabad Rural,73,123,0,196,7,66,5,118,0,0,12,184
2018,Gujarat,West Coast,Amreli,25,127,0,152,4,21,4,123,0,0,8,144
2019,Gujarat,West Coast,Amreli,23,146,0,169,0,23,0,146,0,0,0,169
2020,Gujarat,West Coast,Amreli,26,82,0,108,0,26,0,82,0,0,0,108
2021,Gujarat,West Coast,Amreli,20,82,0,102,0,20,0,82,0,0,0,102
2022,Gujarat,West Coast,Amreli,28,78,0,106,0,28,0,78,0,0,0,106
2018,Gujarat,West Coast,Anand,114,345,0,459,0,114,0,345,0,0,0,459
2019,Gujarat,West Coast,Anand,146,345,0,491,0,146,0,345,0,0,0,491
2020,Gujarat,West Coast,Anand,108,267,0,375,0,108,0,267,0,0,0,375
2021,Gujarat,West Coast,Anand,114,315,0,429,0,114,0,315,0,0,0,429
2022,Gujarat,West Coast,Anand,134,302,0,436,0,134,0,302,0,0,0,436
2018,Gujarat,West Coast,Arvalli,0,0,0,0,0,0,0,0,0,0,0,0
2019,Gujarat,West Coast,Arvalli,35,85,0,120,0,35,0,85,0,0,0,120
2020,Gujarat,West Coast,Arvalli,68,169,0,237,0,68,0,169,0,0,0,237
2021,Gujarat,West Coast,Arvalli,59,201,0,260,0,59,0,201,0,0,0,260
2022,Gujarat,West Coast,Arvalli,127,158,0,285,14,113,14,144,0,0,28,257
2018,Gujarat,West Coast,Banaskantha,97,97,0,194,1,96,1,96,0,0,2,192
2019,Gujarat,West Coast,Banaskantha,103,214,0,317,1,102,2,212,0,0,3,314
2020,Gujarat,West Coast,Banaskantha,52,179,0,231,0,52,0,179,0,0,0,231
2021,Gujarat,West Coast,Banaskantha,84,234,0,318,0,84,0,234,0,0,0,318
2022,Gujarat,West Coast,Banaskantha,123,402,0,525,12,111,100,302,0,0,112,413
2018,Gujarat,West Coast,Bharuch,135,224,0,359,15,120,19,205,0,0,34,325
2019,Gujarat,West Coast,Bharuch,122,230,0,352,18,104,16,214,0,0,34,318
2020,Gujarat,West Coast,Bharuch,156,231,0,387,17,139,14,217,0,0,31,356
2021,Gujarat,West Coast,Bharuch,173,257,0,430,20,153,11,246,0,0,31,399
2022,Gujarat,West Coast,Bharuch,202,220,0,422,20,182,14,206,0,0,34,388
2018,Gujarat,West Coast,Bhavnagar,69,75,0,144,0,69,0,75,0,0,0,144
2019,Gujarat,West Coast,Bhavnagar,64,187,0,251,1,63,21,166,0,0,22,229
2020,Gujarat,West Coast,Bhavnagar,53,129,0,182,6,47,7,122,0,0,13,169
2021,Gujarat,West Coast,Bhavnagar,52,173,0,225,2,50,7,166,0,0,9,216
2022,Gujarat,West Coast,Bhavnagar,62,152,0,214,7,55,16,136,0,0,23,191
2018,Gujarat,West Coast,Botad,13,65,0,78,2,11,15,50,0,0,17,61
2019,Gujarat,West Coast,Botad,15,37,0,52,5,10,15,22,0,0,20,32
2020,Gujarat,West Coast,Botad,13,81,0,94,1,12,16,65,0,0,17,77
2021,Gujarat,West Coast,Botad,18,64,0,82,3,15,32,32,0,0,35,47
2022,Gujarat,West Coast,Botad,27,118,0,145,0,27,41,77,0,0,41,104
2018,Gujarat,West Coast,Chhotaudepur,14,20,0,34,1,13,0,20,0,0,1,33
2019,Gujarat,West Coast,Chhotaudepur,15,16,0,31,2,13,1,15,0,0,3,28
2020,Gujarat,West Coast,Chhotaudepur,34,16,0,50,3,31,3,13,0,0,6,44
2021,Gujarat,West Coast,Chhotaudepur,15,41,0,56,0,15,1,40,0,0,1,55
2022,Gujarat,West Coast,Chhotaudepur,21,29,0,50,2,19,3,26,0,0,5,45
2018,Gujarat,West Coast,CID Crime,0,0,0,0,0,0,0,0,0,0,0,0
2019,Gujarat,West Coast,CID Crime,0,0,0,0,0,0,0,0,0,0,0,0
2020,Gujarat,West Coast,CID Crime,0,0,0,0,0,0,0,0,0,0,0,0
2021,Gujarat,West Coast,CID Crime,0,0,0,0,0,0,0,0,0,0,0,0
2022,Gujarat,West Coast,CID Crime,0,0,0,0,0,0,0,0,0,0,0,0
2020,Gujarat,West Coast,Cyber Ahmedabad Range,0,0,0,0,0,0,0,0,0,0,0,0
2021,Gujarat,West Coast,Cyber Ahmedabad Range,0,0,0,0,0,0,0,0,0,0,0,0
2022,Gujarat,West Coast,Cyber Ahmedabad Range,0,0,0,0,0,0,0,0,0,0,0,0
2020,Gujarat,West Coast,Cyber Bhavnagar Range,0,0,0,0,0,0,0,0,0,0,0,0
2021,Gujarat,West Coast,Cyber Bhavnagar Range,0,0,0,0,0,0,0,0,0,0,0,0
2022,Gujarat,West Coast,Cyber Bhavnagar Range,0,0,0,0,0,0,0,0,0,0,0,0
2020,Gujarat,West Coast,Cyber Border Range,0,0,0,0,0,0,0,0,0,0,0,0
2021,Gujarat,West Coast,Cyber Border Range,0,0,0,0,0,0,0,0,0,0,0,0
2022,Gujarat,West Coast,Cyber Border Range,0,0,0,0,0,0,0,0,0,0,0,0
2020,Gujarat,West Coast,Cyber Gandhinagar Range,0,0,0,0,0,0,0,0,0,0,0,0
2021,Gujarat,West Coast,Cyber Gandhinagar Range,0,0,0,0,0,0,0,0,0,0,0,0
2022,Gujarat,West Coast,Cyber Gandhinagar Range,0,0,0,0,0,0,0,0,0,0,0,0
2020,Gujarat,West Coast,Cyber Junagadh Range,0,0,0,0,0,0,0,0,0,0,0,0
2021,Gujarat,West Coast,Cyber Junagadh Range,0,0,0,0,0,0,0,0,0,0,0,0
2022,Gujarat,West Coast,Cyber Junagadh Range,0,0,0,0,0,0,0,0,0,0,0,0
2020,Gujarat,West Coast,Cyber Panchmahal Range,0,0,0,0,0,0,0,0,0,0,0,0
2021,Gujarat,West Coast,Cyber Panchmahal Range,0,0,0,0,0,0,0,0,0,0,0,0
2022,Gujarat,West Coast,Cyber Panchmahal Range,0,0,0,0,0,0,0,0,0,0,0,0
2020,Gujarat,West Coast,Cyber Rajkot Range,0,0,0,0,0,0,0,0,0,0,0,0
2021,Gujarat,West Coast,Cyber Rajkot Range,0,0,0,0,0,0,0,0,0,0,0,0
2022,Gujarat,West Coast,Cyber Rajkot Range,0,0,0,0,0,0,0,0,0,0,0,0
2020,Gujarat,West Coast,Cyber Surat Range,0,0,0,0,0,0,0,0,0,0,0,0
2021,Gujarat,West Coast,Cyber Surat Range,0,0,0,0,0,0,0,0,0,0,0,0
2022,Gujarat,West Coast,Cyber Surat Range,0,0,0,0,0,0,0,0,0,0,0,0
2020,Gujarat,West Coast,Cyber Vadodara Range,0,0,0,0,0,0,0,0,0,0,0,0
2021,Gujarat,West Coast,Cyber Vadodara Range,0,0,0,0,0,0,0,0,0,0,0,0
2022,Gujarat,West Coast,Cyber Vadodara Range,0,0,0,0,0,0,0,0,0,0,0,0
2018,Gujarat,West Coast,Dahod,15,113,0,128,1,14,89,24,0,0,90,38
2019,Gujarat,West Coast,Dahod,18,146,0,164,4,14,101,45,0,0,105,59
2020,Gujarat,West Coast,Dahod,14,182,0,196,1,13,129,53,0,0,130,66
2021,Gujarat,West Coast,Dahod,41,190,0,231,3,38,129,61,0,0,132,99
2022,Gujarat,West Coast,Dahod,31,243,0,274,6,25,169,74,0,0,175,99
2018,Gujarat,West Coast,Dang,0,0,0,0,0,0,0,0,0,0,0,0
2019,Gujarat,West Coast,Dang,0,0,0,0,0,0,0,0,0,0,0,0
2020,Gujarat,West Coast,Dang,0,0,0,0,0,0,0,0,0,0,0,0
2021,Gujarat,West Coast,Dang,0,0,0,0,0,0,0,0,0,0,0,0
2022,Gujarat,West Coast,Dang,0,0,0,0,0,0,0,0,0,0,0,0
2018,Gujarat,West Coast,Devbhumi Dwarka,27,73,0,100,5,22,9,64,0,0,14,86
2019,Gujarat,West Coast,Devbhumi Dwarka,26,80,0,106,1,25,18,62,0,0,19,87
2020,Gujarat,West Coast,Devbhumi Dwarka,26,45,0,71,1,25,0,45,0,0,1,70
2021,Gujarat,West Coast,Devbhumi Dwarka,32,84,0,116,2,30,6,78,0,0,8,108
2022,Gujarat,West Coast,Devbhumi Dwarka,35,54,0,89,2,33,0,54,0,0,2,87
2018,Gujarat,West Coast,Gandhinagar,171,321,0,492,19,152,19,302,0,0,38,454
2019,Gujarat,West Coast,Gandhinagar,156,299,0,455,16,140,10,289,0,0,26,429
2020,Gujarat,West Coast,Gandhinagar,132,247,0,379,19,113,12,235,0,0,31,348
2021,Gujarat,West Coast,Gandhinagar,160,285,0,445,16,144,13,272,0,0,29,416
2022,Gujarat,West Coast,Gandhinagar,227,485,0,712,21,206,29,456,0,0,50,662
2018,Gujarat,West Coast,Gir Somnath,25,43,0,68,3,22,2,41,0,0,5,63
2019,Gujarat,West Coast,Gir Somnath,18,76,0,94,2,16,38,38,0,0,40,54
2020,Gujarat,West Coast,Gir Somnath,15,59,0,74,3,12,36,23,0,0,39,35
2021,Gujarat,West Coast,Gir Somnath,25,15,0,40,0,25,0,15,0,0,0,40
2022,Gujarat,West Coast,Gir Somnath,11,41,0,52,2,9,26,15,0,0,28,24
2018,Gujarat,West Coast,Jamnagar,85,155,0,240,13,72,5,150,0,0,18,222
2019,Gujarat,West Coast,Jamnagar,84,170,0,254,8,76,8,162,0,0,16,238
2020,Gujarat,West Coast,Jamnagar,59,153,0,212,6,53,6,147,0,0,12,200
2021,Gujarat,West Coast,Jamnagar,71,152,0,223,16,55,21,131,0,0,37,186
2022,Gujarat,West Coast,Jamnagar,81,113,0,194,18,63,6,107,0,0,24,170
2018,Gujarat,West Coast,Junagadh,32,41,0,73,3,29,2,39,0,0,5,68
2019,Gujarat,West Coast,Junagadh,36,93,0,129,4,32,69,24,0,0,73,56
2020,Gujarat,West Coast,Junagadh,27,36,0,63,2,25,1,35,0,0,3,60
2021,Gujarat,West Coast,Junagadh,29,28,0,57,1,28,0,28,0,0,1,56
2022,Gujarat,West Coast,Junagadh,31,35,0,66,2,29,2,33,0,0,4,62
2018,Gujarat,West Coast,Kachchh East(G),50,189,0,239,6,44,33,156,0,0,39,200
2019,Gujarat,West Coast,Kachchh East(G),166,83,0,249,0,166,1,82,0,0,1,248
2020,Gujarat,West Coast,Kachchh East(G),94,246,0,340,5,89,57,189,0,0,62,278
2021,Gujarat,West Coast,Kachchh East(G),145,341,0,486,11,134,61,280,0,0,72,414
2022,Gujarat,West Coast,Kachchh East(G),135,347,0,482,5,130,75,272,0,0,80,402
2018,Gujarat,West Coast,Kachchh West(B),77,190,0,267,6,71,40,150,0,0,46,221
2019,Gujarat,West Coast,Kachchh West(B),72,177,0,249,6,66,20,157,0,0,26,223
2020,Gujarat,West Coast,Kachchh West(B),73,212,0,285,1,72,37,175,0,0,38,247
2021,Gujarat,West Coast,Kachchh West(B),108,288,0,396,6,102,45,243,0,0,51,345
2022,Gujarat,West Coast,Kachchh West(B),144,306,0,450,12,132,54,252,0,0,66,384
2018,Gujarat,West Coast,Kheda,68,102,0,170,3,65,2,100,0,0,5,165
2019,Gujarat,West Coast,Kheda,63,125,0,188,5,58,5,120,0,0,10,178
2020,Gujarat,West Coast,Kheda,31,91,0,122,0,31,0,91,0,0,0,122
2021,Gujarat,West Coast,Kheda,114,209,0,323,18,96,10,199,0,0,28,295
2022,Gujarat,West Coast,Kheda,100,227,0,327,12,88,20,207,0,0,32,295
2018,Gujarat,West Coast,Mahisagar,24,54,0,78,3,21,9,45,0,0,12,66
2019,Gujarat,West Coast,Mahisagar,20,36,0,56,2,18,3,33,0,0,5,51
2020,Gujarat,West Coast,Mahisagar,17,36,0,53,3,14,3,33,0,0,6,47
2021,Gujarat,West Coast,Mahisagar,15,112,0,127,2,13,40,72,0,0,42,85
2022,Gujarat,West Coast,Mahisagar,27,62,0,89,7,20,62,0,0,0,69,20
2018,Gujarat,West Coast,Mehsana,148,523,1,672,7,141,6,517,0,1,13,659
2019,Gujarat,West Coast,Mehsana,147,453,0,600,0,147,6,447,0,0,6,594
2020,Gujarat,West Coast,Mehsana,87,296,0,383,1,86,1,295,0,0,2,381
2021,Gujarat,West Coast,Mehsana,93,350,2,445,2,91,0,350,2,0,4,441
2022,Gujarat,West Coast,Mehsana,140,411,0,551,2,138,1,410,0,0,3,548
2018,Gujarat,West Coast,Morbi,23,85,0,108,0,23,1,84,0,0,1,107
2019,Gujarat,West Coast,Morbi,22,90,0,112,0,22,0,90,0,0,0,112
2020,Gujarat,West Coast,Morbi,21,43,0,64,0,21,0,43,0,0,0,64
2021,Gujarat,West Coast,Morbi,25,30,0,55,0,25,0,30,0,0,0,55
2022,Gujarat,West Coast,Morbi,16,23,0,39,0,16,0,23,0,0,0,39
2018,Gujarat,West Coast,Narmada,8,18,0,26,0,8,1,17,0,0,1,25
2019,Gujarat,West Coast,Narmada,11,11,0,22,0,11,0,11,0,0,0,22
2020,Gujarat,West Coast,Narmada,11,15,0,26,2,9,1,14,0,0,3,23
2021,Gujarat,West Coast,Narmada,8,35,0,43,1,7,1,34,0,0,2,41
2022,Gujarat,West Coast,Narmada,15,31,0,46,1,14,1,30,0,0,2,44
2018,Gujarat,West Coast,Navsari,84,110,0,194,7,77,4,106,0,0,11,183
2019,Gujarat,West Coast,Navsari,82,128,0,210,3,79,4,124,0,0,7,203
2020,Gujarat,West Coast,Navsari,65,94,0,159,3,62,7,87,0,0,10,149
2021,Gujarat,West Coast,Navsari,60,82,0,142,3,57,4,78,0,0,7,135
2022,Gujarat,West Coast,Navsari,81,78,0,159,4,77,6,72,0,0,10,149
2018,Gujarat,West Coast,Panchmahal,55,91,0,146,3,52,5,86,0,0,8,138
2019,Gujarat,West Coast,Panchmahal,69,89,0,158,4,65,5,84,0,0,9,149
2020,Gujarat,West Coast,Panchmahal,50,82,0,132,8,42,4,78,0,0,12,120
2021,Gujarat,West Coast,Panchmahal,48,56,0,104,1,47,4,52,0,0,5,99
2022,Gujarat,West Coast,Panchmahal,57,96,0,153,6,51,9,87,0,0,15,138
2018,Gujarat,West Coast,Patan,34,149,0,183,2,32,1,148,0,0,3,180
2019,Gujarat,West Coast,Patan,55,179,0,234,2,53,2,177,0,0,4,230
2020,Gujarat,West Coast,Patan,55,215,0,270,2,53,2,213,0,0,4,266
2021,Gujarat,West Coast,Patan,86,312,0,398,0,86,0,312,0,0,0,398
2022,Gujarat,West Coast,Patan,83,347,0,430,0,83,0,347,0,0,0,430
2018,Gujarat,West Coast,Porbandar,22,53,0,75,6,16,2,51,0,0,8,67
2019,Gujarat,West Coast,Porbandar,23,45,0,68,3,20,3,42,0,0,6,62
2020,Gujarat,West Coast,Porbandar,27,54,0,81,4,23,2,52,0,0,6,75
2021,Gujarat,West Coast,Porbandar,16,26,0,42,0,16,2,24,0,0,2,40
2022,Gujarat,West Coast,Porbandar,12,29,0,41,4,8,4,25,0,0,8,33
2018,Gujarat,West Coast,Rajkot City,316,599,0,915,30,286,102,497,0,0,132,783
2019,Gujarat,West Coast,Rajkot City,262,414,0,676,0,262,0,414,0,0,0,676
2020,Gujarat,West Coast,Rajkot City,204,390,0,594,0,204,0,390,0,0,0,594
2021,Gujarat,West Coast,Rajkot City,16,40,0,56,6,10,30,10,0,0,36,20
2022,Gujarat,West Coast,Rajkot City,273,438,0,711,9,264,12,426,0,0,21,690
2018,Gujarat,West Coast,Rajkot Rural,56,165,0,221,20,36,7,158,0,0,27,194
2019,Gujarat,West Coast,Rajkot Rural,91,256,0,347,22,69,8,248,0,0,30,317
2020,Gujarat,West Coast,Rajkot Rural,66,295,0,361,5,61,83,212,0,0,88,273
2021,Gujarat,West Coast,Rajkot Rural,75,365,0,440,2,73,88,277,0,0,90,350
2022,Gujarat,West Coast,Rajkot Rural,101,406,0,507,5,96,64,342,0,0,69,438
2018,Gujarat,West Coast,Sabarkantha,89,173,0,262,4,85,6,167,0,0,10,252
2019,Gujarat,West Coast,Sabarkantha,66,168,0,234,3,63,23,145,0,0,26,208
2020,Gujarat,West Coast,Sabarkantha,39,165,0,204,2,37,10,155,0,0,12,192
2021,Gujarat,West Coast,Sabarkantha,75,199,0,274,3,72,2,197,0,0,5,269
2022,Gujarat,West Coast,Sabarkantha,74,212,0,286,2,72,4,208,0,0,6,280
2018,Gujarat,West Coast,Surat City,1337,2052,0,3389,266,1071,470,1582,0,0,736,2653
2019,Gujarat,West Coast,Surat City,1225,1797,0,3022,152,1073,204,1593,0,0,356,2666
2020,Gujarat,West Coast,Surat City,750,1215,0,1965,94,656,126,1089,0,0,220,1745
2021,Gujarat,West Coast,Surat City,821,1480,13,2314,115,706,148,1332,0,13,263,2051
2022,Gujarat,West Coast,Surat City,1119,1561,0,2680,270,849,217,1344,0,0,487,2193
2018,Gujarat,West Coast,Surat Rural,84,88,0,172,8,76,8,80,0,0,16,156
2019,Gujarat,West Coast,Surat Rural,95,100,0,195,9,86,9,91,0,0,18,177
2020,Gujarat,West Coast,Surat Rural,68,89,0,157,7,61,6,83,0,0,13,144
2021,Gujarat,West Coast,Surat Rural,53,116,0,169,10,43,10,106,0,0,20,149
2022,Gujarat,West Coast,Surat Rural,73,95,0,168,6,67,8,87,0,0,14,154
2018,Gujarat,West Coast,Surendranagar,24,42,0,66,0,24,0,42,0,0,0,66
2019,Gujarat,West Coast,Surendranagar,27,45,0,72,0,27,0,45,0,0,0,72
2020,Gujarat,West Coast,Surendranagar,22,46,0,68,1,21,3,43,0,0,4,64
2021,Gujarat,West Coast,Surendranagar,17,47,0,64,2,15,2,45,0,0,4,60
2022,Gujarat,West Coast,Surendranagar,24,40,0,64,1,23,3,37,0,0,4,60
2018,Gujarat,West Coast,Tapi,14,31,0,45,1,13,5,26,0,0,6,39
2019,Gujarat,West Coast,Tapi,25,31,0,56,3,22,4,27,0,0,7,49
2020,Gujarat,West Coast,Tapi,21,26,0,47,0,21,3,23,0,0,3,44
2021,Gujarat,West Coast,Tapi,18,19,0,37,0,18,1,18,0,0,1,36
2022,Gujarat,West Coast,Tapi,16,14,0,30,0,16,0,14,0,0,0,30
2018,Gujarat,West Coast,Total,4866,9246,1,14113,569,4297,1329,7917,0,1,1898,12215
2019,Gujarat,West Coast,Total,5003,9268,21,14292,395,4608,1044,8224,0,21,1439,12853
2020,Gujarat,West Coast,Total Districts ,3758,8290,1,12049,289,3469,915,7375,0,1,1204,10845
2021,Gujarat,West Coast,Total Districts ,4240,9812,15,14067,344,3896,1049,8763,2,13,1395,12672
2022,Gujarat,West Coast,Total Districts ,5370,10606,0,15976,551,4819,1306,9300,0,0,1857,14119
2018,Gujarat,West Coast,Vadodara City,336,557,0,893,18,318,106,451,0,0,124,769
2019,Gujarat,West Coast,Vadodara City,321,481,0,802,23,298,106,375,0,0,129,673
2020,Gujarat,West Coast,Vadodara City,195,400,1,596,13,182,74,326,0,1,87,509
2021,Gujarat,West Coast,Vadodara City,246,450,0,696,16,230,88,362,0,0,104,592
2022,Gujarat,West Coast,Vadodara City,260,334,0,594,1,259,0,334,0,0,1,593
2018,Gujarat,West Coast,Vadodara Rural,50,70,0,120,3,47,2,68,0,0,5,115
2019,Gujarat,West Coast,Vadodara Rural,43,47,0,90,0,43,0,47,0,0,0,90
2020,Gujarat,West Coast,Vadodara Rural,56,92,0,148,0,56,0,92,0,0,0,148
2021,Gujarat,West Coast,Vadodara Rural,98,122,0,220,0,98,0,122,0,0,0,220
2022,Gujarat,West Coast,Vadodara Rural,67,131,0,198,0,67,0,131,0,0,0,198
2018,Gujarat,West Coast,Valsad,120,129,0,249,6,114,10,119,0,0,16,233
2019,Gujarat,West Coast,Valsad,91,122,0,213,8,83,9,113,0,0,17,196
2020,Gujarat,West Coast,Valsad,61,72,0,133,6,55,5,67,0,0,11,122
2021,Gujarat,West Coast,Valsad,62,106,0,168,10,52,9,97,0,0,19,149
2022,Gujarat,West Coast,Valsad,88,134,0,222,15,73,10,124,0,0,25,197
2018,Gujarat,West Coast,W.Rly Ahmedabad,17,12,0,29,1,16,0,12,0,0,1,28
2019,Gujarat,West Coast,W.Rly Ahmedabad,5,6,0,11,0,5,0,6,0,0,0,11
2020,Gujarat,West Coast,W.Rly Ahmedabad,1,2,0,3,0,1,0,2,0,0,0,3
2021,Gujarat,West Coast,W.Rly Ahmedabad,5,2,0,7,0,5,0,2,0,0,0,7
2022,Gujarat,West Coast,W.Rly Ahmedabad,10,5,0,15,0,10,0,5,0,0,0,15
2018,Gujarat,West Coast,W.Rly Vadodara,11,9,0,20,1,10,3,6,0,0,4,16
2019,Gujarat,West Coast,W.Rly Vadodara,17,14,0,31,0,17,2,12,0,0,2,29
2020,Gujarat,West Coast,W.Rly Vadodara,4,7,0,11,0,4,1,6,0,0,1,10
2021,Gujarat,West Coast,W.Rly Vadodara,7,9,0,16,0,7,2,7,0,0,2,14
2022,Gujarat,West Coast,W.Rly Vadodara,10,15,0,25,0,10,4,11,0,0,4,21
2018,Haryana,North India,Ambala,155,168,0,323,68,87,14,154,0,0,82,241
2019,Haryana,North India,Ambala,242,200,0,442,22,220,19,181,0,0,41,401
2020,Haryana,North India,Ambala,173,230,0,403,12,161,16,214,0,0,28,375
2021,Haryana,North India,Ambala,203,268,0,471,20,183,21,247,0,0,41,430
2022,Haryana,North India,Ambala,213,254,0,467,12,201,4,250,0,0,16,451
2018,Haryana,North India,Bhiwani,127,219,0,346,36,91,41,178,0,0,77,269
2019,Haryana,North India,Bhiwani,152,316,0,468,49,103,55,261,0,0,104,364
2020,Haryana,North India,Bhiwani,138,305,0,443,39,99,48,257,0,0,87,356
2021,Haryana,North India,Bhiwani,135,318,0,453,26,109,31,287,0,0,57,396
2022,Haryana,North India,Bhiwani,173,60,0,233,29,144,30,30,0,0,59,174
2018,Haryana,North India,Charkhi Dadri,38,82,0,120,6,32,2,80,0,0,8,112
2019,Haryana,North India,Charkhi Dadri,45,96,0,141,4,41,5,91,0,0,9,132
2020,Haryana,North India,Charkhi Dadri,41,111,0,152,8,33,9,102,0,0,17,135
2021,Haryana,North India,Charkhi Dadri,28,102,0,130,1,27,6,96,0,0,7,123
2022,Haryana,North India,Charkhi Dadri,66,111,0,177,13,53,0,111,0,0,13,164
2018,Haryana,North India,Faridabad,474,631,0,1105,117,357,88,543,0,0,205,900
2019,Haryana,North India,Faridabad,520,771,0,1291,96,424,88,683,0,0,184,1107
2020,Haryana,North India,Faridabad,426,660,0,1086,72,354,55,605,0,0,127,959
2021,Haryana,North India,Faridabad,479,742,0,1221,92,387,75,667,0,0,167,1054
2022,Haryana,North India,Faridabad,458,722,0,1180,45,413,54,668,0,0,99,1081
2018,Haryana,North India,Fatehabad,173,303,0,476,53,120,52,251,0,0,105,371
2019,Haryana,North India,Fatehabad,141,362,0,503,38,103,56,306,0,0,94,409
2020,Haryana,North India,Fatehabad,101,250,0,351,27,74,27,223,0,0,54,297
2021,Haryana,North India,Fatehabad,167,373,0,540,48,119,40,333,0,0,88,452
2022,Haryana,North India,Fatehabad,185,355,0,540,31,154,36,319,0,0,67,473
2018,Haryana,North India,GRP,13,6,0,19,2,11,1,5,0,0,3,16
2019,Haryana,North India,GRP,39,24,0,63,6,33,4,20,0,0,10,53
2020,Haryana,North India,GRP,3,7,0,10,0,3,1,6,0,0,1,9
2021,Haryana,North India,GRP,11,2,0,13,0,11,0,2,0,0,0,13
2022,Haryana,North India,GRP,21,17,0,38,3,18,4,13,0,0,7,31
2018,Haryana,North India,Gurugram,202,371,0,573,50,152,137,234,0,0,187,386
2019,Haryana,North India,Gurugram,230,399,0,629,48,182,157,242,0,0,205,424
2020,Haryana,North India,Gurugram,174,342,0,516,25,149,121,221,0,0,146,370
2021,Haryana,North India,Gurugram,197,438,0,635,86,111,313,125,0,0,399,236
2022,Haryana,North India,Gurugram,227,560,0,787,38,189,213,347,0,0,251,536
2018,Haryana,North India,Hansi,38,91,0,129,9,29,18,73,0,0,27,102
2019,Haryana,North India,Hansi,48,126,0,174,13,35,18,108,0,0,31,143
2020,Haryana,North India,Hansi,62,147,0,209,8,54,13,134,0,0,21,188
2021,Haryana,North India,Hansi,88,210,0,298,13,75,33,177,0,0,46,252
2022,Haryana,North India,Hansi,85,203,0,288,11,74,13,190,0,0,24,264
2018,Haryana,North India,Hissar,139,372,0,511,38,101,100,272,0,0,138,373
2019,Haryana,North India,Hissar,135,331,0,466,17,118,46,285,0,0,63,403
2020,Haryana,North India,Hissar,135,417,0,552,26,109,57,360,0,0,83,469
2021,Haryana,North India,Hissar,266,573,0,839,41,225,46,527,0,0,87,752
2022,Haryana,North India,Hissar,360,647,0,1007,50,310,40,607,0,0,90,917
2018,Haryana,North India,Irrigation & Power,0,0,0,0,0,0,0,0,0,0,0,0
2019,Haryana,North India,Irrigation & Power,0,0,0,0,0,0,0,0,0,0,0,0
2020,Haryana,North India,Irrigation & Power,0,0,0,0,0,0,0,0,0,0,0,0
2021,Haryana,North India,Irrigation & Power,0,0,0,0,0,0,0,0,0,0,0,0
2022,Haryana,North India,Irrigation & Power,0,0,0,0,0,0,0,0,0,0,0,0
2018,Haryana,North India,Jhajjar,0,0,0,0,0,0,0,0,0,0,0,0
2019,Haryana,North India,Jhajjar,420,536,0,956,232,188,288,248,0,0,520,436
2020,Haryana,North India,Jhajjar,143,259,0,402,22,121,23,236,0,0,45,357
2021,Haryana,North India,Jhajjar,190,306,0,496,21,169,28,278,0,0,49,447
2022,Haryana,North India,Jhajjar,179,388,0,567,33,146,30,358,0,0,63,504
2018,Haryana,North India,Jind,168,258,0,426,23,145,31,227,0,0,54,372
2019,Haryana,North India,Jind,142,395,0,537,25,117,68,327,0,0,93,444
2020,Haryana,North India,Jind,149,283,0,432,38,111,65,218,0,0,103,329
2021,Haryana,North India,Jind,171,335,0,506,29,142,40,295,0,0,69,437
2022,Haryana,North India,Jind,29,30,0,59,1,28,2,28,0,0,3,56
2018,Haryana,North India,Kaithal,156,116,0,272,36,120,16,100,0,0,52,220
2019,Haryana,North India,Kaithal,130,146,0,276,34,96,25,121,0,0,59,217
2020,Haryana,North India,Kaithal,121,126,0,247,20,101,13,113,0,0,33,214
2021,Haryana,North India,Kaithal,186,227,0,413,50,136,34,193,0,0,84,329
2022,Haryana,North India,Kaithal,187,267,0,454,39,148,34,233,0,0,73,381
2018,Haryana,North India,Karnal,74,68,0,142,13,61,11,57,0,0,24,118
2019,Haryana,North India,Karnal,106,96,0,202,27,79,16,80,0,0,43,159
2020,Haryana,North India,Karnal,109,132,0,241,15,94,17,115,0,0,32,209
2021,Haryana,North India,Karnal,467,684,0,1151,56,411,67,617,0,0,123,1028
2022,Haryana,North India,Karnal,520,766,0,1286,58,462,71,695,0,0,129,1157
2018,Haryana,North India,Kurukshetra,207,281,0,488,56,151,44,237,0,0,100,388
2019,Haryana,North India,Kurukshetra,212,309,0,521,7,205,26,283,0,0,33,488
2020,Haryana,North India,Kurukshetra,188,288,0,476,10,178,52,236,0,0,62,414
2021,Haryana,North India,Kurukshetra,206,329,0,535,13,193,15,314,0,0,28,507
2022,Haryana,North India,Kurukshetra,264,404,0,668,44,220,68,336,0,0,112,556
2018,Haryana,North India,Mahendergarh,84,136,0,220,28,56,28,108,0,0,56,164
2019,Haryana,North India,Mahendergarh,90,193,0,283,22,68,62,131,0,0,84,199
2020,Haryana,North India,Mahendergarh,69,237,0,306,24,45,42,195,0,0,66,240
2021,Haryana,North India,Mahendergarh,87,258,0,345,29,58,39,219,0,0,68,277
2022,Haryana,North India,Mahendergarh,133,296,0,429,39,94,25,271,0,0,64,365
2018,Haryana,North India,Mewat,48,41,0,89,18,30,6,35,0,0,24,65
2019,Haryana,North India,Nuh,50,71,0,121,14,36,17,54,0,0,31,90
2020,Haryana,North India,Nuh,40,55,0,95,12,28,11,44,0,0,23,72
2021,Haryana,North India,Nuh,37,58,0,95,19,18,4,54,0,0,23,72
2022,Haryana,North India,Nuh,67,93,0,160,19,48,8,85,0,0,27,133
2018,Haryana,North India,Palwal,160,168,0,328,83,77,64,104,0,0,147,181
2019,Haryana,North India,Palwal,131,228,0,359,50,81,70,158,0,0,120,239
2020,Haryana,North India,Palwal,97,194,0,291,21,76,58,136,0,0,79,212
2021,Haryana,North India,Palwal,128,251,0,379,39,89,62,189,0,0,101,278
2022,Haryana,North India,Palwal,195,287,0,482,55,140,30,257,0,0,85,397
2018,Haryana,North India,Panchkula,75,179,0,254,2,73,27,152,0,0,29,225
2019,Haryana,North India,Panchkula,176,366,0,542,58,118,104,262,0,0,162,380
2020,Haryana,North India,Panchkula,69,210,0,279,11,58,41,169,0,0,52,227
2021,Haryana,North India,Panchkula,106,242,0,348,23,83,37,205,0,0,60,288
2022,Haryana,North India,Panchkula,122,300,0,422,17,105,87,213,0,0,104,318
2018,Haryana,North India,Panipat,220,352,0,572,125,95,183,169,0,0,308,264
2019,Haryana,North India,Panipat,451,775,0,1226,115,336,259,516,0,0,374,852
2020,Haryana,North India,Panipat,286,479,0,765,67,219,213,266,0,0,280,485
2021,Haryana,North India,Panipat,466,684,0,1150,71,395,75,609,0,0,146,1004
2022,Haryana,North India,Panipat,499,538,0,1037,252,247,269,269,0,0,521,516
2018,Haryana,North India,Rewari,148,269,0,417,47,101,62,207,0,0,109,308
2019,Haryana,North India,Rewari,182,360,0,542,42,140,74,286,0,0,116,426
2020,Haryana,North India,Rewari,147,315,0,462,36,111,70,245,0,0,106,356
2021,Haryana,North India,Rewari,141,355,0,496,36,105,90,265,0,0,126,370
2022,Haryana,North India,Rewari,185,340,0,525,54,131,58,282,0,0,112,413
2018,Haryana,North India,Rohtak,332,335,0,667,94,238,57,278,0,0,151,516
2019,Haryana,North India,Rohtak,318,428,0,746,54,264,56,372,0,0,110,636
2020,Haryana,North India,Rohtak,272,403,0,675,37,235,50,353,0,0,87,588
2021,Haryana,North India,Rohtak,322,573,0,895,53,269,81,492,0,0,134,761
2022,Haryana,North India,Rohtak,536,364,0,900,82,454,55,309,0,0,137,763
2018,Haryana,North India,Sirsa,113,337,0,450,25,88,55,282,0,0,80,370
2019,Haryana,North India,Sirsa,126,374,0,500,19,107,69,305,0,0,88,412
2020,Haryana,North India,Sirsa,111,444,0,555,18,93,95,349,0,0,113,442
2021,Haryana,North India,Sirsa,140,547,0,687,26,114,112,435,0,0,138,549
2022,Haryana,North India,Sirsa,192,569,0,761,19,173,118,451,0,0,137,624
2018,Haryana,North India,Sonipat,126,253,0,379,33,93,39,214,0,0,72,307
2019,Haryana,North India,Sonipat,242,424,0,666,61,181,65,359,0,0,126,540
2020,Haryana,North India,Sonipat,232,435,0,667,62,170,78,357,0,0,140,527
2021,Haryana,North India,Sonipat,270,535,3,808,50,220,88,447,3,0,141,667
2022,Haryana,North India,Sonipat,398,800,1,1199,106,292,155,645,0,1,261,938
2018,Haryana,North India,Total,3451,5311,0,8762,1009,2442,1133,4178,0,0,2142,6620
2019,Haryana,North India,Total,4556,7659,0,12215,1099,3457,1716,5943,0,0,2815,9400
2020,Haryana,North India,Total Districts ,3506,6698,0,10204,657,2849,1247,5451,0,0,1904,8300
2021,Haryana,North India,Total Districts ,4732,8863,3,13598,883,3849,1457,7406,3,0,2343,11255
2022,Haryana,North India,Total Districts ,5644,8845,1,14490,1124,4520,1516,7329,0,1,2640,11850
2018,Haryana,North India,Yamunanagar,181,275,0,456,47,134,57,218,0,0,104,352
2019,Haryana,North India,Yamunanagar,228,333,0,561,46,182,69,264,0,0,115,446
2020,Haryana,North India,Yamunanagar,220,369,0,589,47,173,72,297,0,0,119,470
2021,Haryana,North India,Yamunanagar,241,453,0,694,41,200,120,333,0,0,161,533
2022,Haryana,North India,Yamunanagar,350,474,0,824,74,276,112,362,0,0,186,638
2018,Himachal Pradesh,North India,Baddi,62,70,0,132,6,56,19,51,0,0,25,107
2019,Himachal Pradesh,North India,Baddi,66,152,0,218,2,64,18,134,0,0,20,198
2020,Himachal Pradesh,North India,Baddi,41,204,0,245,6,35,20,184,0,0,26,219
2021,Himachal Pradesh,North India,Baddi,82,230,0,312,11,71,38,192,0,0,49,263
2022,Himachal Pradesh,North India,Baddi,87,261,0,348,2,85,29,232,0,0,31,317
2018,Himachal Pradesh,North India,Bilaspur,38,100,0,138,4,34,15,85,0,0,19,119
2019,Himachal Pradesh,North India,Bilaspur,36,133,0,169,5,31,22,111,0,0,27,142
2020,Himachal Pradesh,North India,Bilaspur,41,126,0,167,3,38,21,105,0,0,24,143
2021,Himachal Pradesh,North India,Bilaspur,38,135,0,173,4,34,28,107,0,0,32,141
2022,Himachal Pradesh,North India,Bilaspur,61,145,0,206,6,55,21,124,0,0,27,179
2018,Himachal Pradesh,North India,Chamba,29,69,0,98,9,20,4,65,0,0,13,85
2019,Himachal Pradesh,North India,Chamba,38,77,0,115,3,35,15,62,0,0,18,97
2020,Himachal Pradesh,North India,Chamba,35,65,0,100,1,34,16,49,0,0,17,83
2021,Himachal Pradesh,North India,Chamba,37,114,0,151,0,37,27,87,0,0,27,124
2022,Himachal Pradesh,North India,Chamba,35,114,0,149,0,35,25,89,0,0,25,124
2018,Himachal Pradesh,North India,CID,0,0,0,0,0,0,0,0,0,0,0,0
2019,Himachal Pradesh,North India,CID,0,0,0,0,0,0,0,0,0,0,0,0
2020,Himachal Pradesh,North India,CID,0,0,0,0,0,0,0,0,0,0,0,0
2021,Himachal Pradesh,North India,CID,0,0,0,0,0,0,0,0,0,0,0,0
2022,Himachal Pradesh,North India,CID,0,0,0,0,0,0,0,0,0,0,0,0
2018,Himachal Pradesh,North India,Cyber,0,0,0,0,0,0,0,0,0,0,0,0
2019,Himachal Pradesh,North India,Cyber,0,0,0,0,0,0,0,0,0,0,0,0
2020,Himachal Pradesh,North India,Cyber,0,0,0,0,0,0,0,0,0,0,0,0
2021,Himachal Pradesh,North India,Cyber,0,0,0,0,0,0,0,0,0,0,0,0
2022,Himachal Pradesh,North India,Cyber,0,0,0,0,0,0,0,0,0,0,0,0
2018,Himachal Pradesh,North India,GRP,0,1,0,1,0,0,0,1,0,0,0,1
2019,Himachal Pradesh,North India,GRP,0,0,0,0,0,0,0,0,0,0,0,0
2020,Himachal Pradesh,North India,GRP,0,0,0,0,0,0,0,0,0,0,0,0
2021,Himachal Pradesh,North India,GRP,0,0,0,0,0,0,0,0,0,0,0,0
2022,Himachal Pradesh,North India,GRP,0,0,0,0,0,0,0,0,0,0,0,0
2018,Himachal Pradesh,North India,Hamirpur,21,47,0,68,6,15,5,42,0,0,11,57
2019,Himachal Pradesh,North India,Hamirpur,34,80,0,114,8,26,7,73,0,0,15,99
2020,Himachal Pradesh,North India,Hamirpur,37,70,0,107,5,32,7,63,0,0,12,95
2021,Himachal Pradesh,North India,Hamirpur,30,92,0,122,4,26,14,78,0,0,18,104
2022,Himachal Pradesh,North India,Hamirpur,60,84,0,144,8,52,6,78,0,0,14,130
2018,Himachal Pradesh,North India,Kangra,114,190,0,304,16,98,15,175,0,0,31,273
2019,Himachal Pradesh,North India,Kangra,92,214,0,306,8,84,16,198,0,0,24,282
2020,Himachal Pradesh,North India,Kangra,48,75,0,123,3,45,5,70,0,0,8,115
2021,Himachal Pradesh,North India,Kangra,116,252,0,368,11,105,39,213,0,0,50,318
2022,Himachal Pradesh,North India,Kangra,162,288,0,450,8,154,27,261,0,0,35,415
2018,Himachal Pradesh,North India,Kinnaur,10,4,0,14,1,9,0,4,0,0,1,13
2019,Himachal Pradesh,North India,Kinnaur,24,17,0,41,7,17,3,14,0,0,10,31
2020,Himachal Pradesh,North India,Kinnaur,22,27,0,49,1,21,6,21,0,0,7,42
2021,Himachal Pradesh,North India,Kinnaur,21,38,0,59,1,20,16,22,0,0,17,42
2022,Himachal Pradesh,North India,Kinnaur,27,32,0,59,1,26,6,26,0,0,7,52
2018,Himachal Pradesh,North India,Kullu,58,54,0,112,7,51,8,46,0,0,15,97
2019,Himachal Pradesh,North India,Kullu,123,107,0,230,13,110,12,95,0,0,25,205
2020,Himachal Pradesh,North India,Kullu,42,66,0,108,7,35,10,56,0,0,17,91
2021,Himachal Pradesh,North India,Kullu,44,80,0,124,3,41,15,65,0,0,18,106
2022,Himachal Pradesh,North India,Kullu,67,72,0,139,3,64,14,58,0,0,17,122
2018,Himachal Pradesh,North India,Lahaul & Spiti,7,0,0,7,0,7,0,0,0,0,0,7
2019,Himachal Pradesh,North India,Lahaul & Spiti,3,5,0,8,0,3,1,4,0,0,1,7
2020,Himachal Pradesh,North India,Lahaul & Spiti,3,5,0,8,0,3,0,5,0,0,0,8
2021,Himachal Pradesh,North India,Lahaul & Spiti,10,4,0,14,0,10,0,4,0,0,0,14
2022,Himachal Pradesh,North India,Lahaul & Spiti,8,2,0,10,0,8,0,2,0,0,0,10
2018,Himachal Pradesh,North India,Mandi,102,276,0,378,17,85,65,211,0,0,82,296
2019,Himachal Pradesh,North India,Mandi,95,253,0,348,16,79,59,194,0,0,75,273
2020,Himachal Pradesh,North India,Mandi,76,222,0,298,11,65,56,166,0,0,67,231
2021,Himachal Pradesh,North India,Mandi,86,287,0,373,7,79,52,235,0,0,59,314
2022,Himachal Pradesh,North India,Mandi,100,278,0,378,13,87,43,235,0,0,56,322
2018,Himachal Pradesh,North India,Shimla,43,66,0,109,38,5,63,3,0,0,101,8
2019,Himachal Pradesh,North India,Shimla,37,62,0,99,36,1,54,8,0,0,90,9
2020,Himachal Pradesh,North India,Shimla,18,53,0,71,16,2,46,7,0,0,62,9
2021,Himachal Pradesh,North India,Shimla,21,48,0,69,18,3,48,0,0,0,66,3
2022,Himachal Pradesh,North India,Shimla,17,38,0,55,16,1,38,0,0,0,54,1
2018,Himachal Pradesh,North India,Sirmaur,47,114,0,161,10,37,27,87,0,0,37,124
2019,Himachal Pradesh,North India,Sirmaur,44,99,0,143,9,35,11,88,0,0,20,123
2020,Himachal Pradesh,North India,Sirmaur,43,90,0,133,5,38,15,75,0,0,20,113
2021,Himachal Pradesh,North India,Sirmaur,73,154,0,227,13,60,27,127,0,0,40,187
2022,Himachal Pradesh,North India,Sirmaur,58,135,0,193,5,53,18,117,0,0,23,170
2018,Himachal Pradesh,North India,Solan,42,98,0,140,5,37,20,78,0,0,25,115
2019,Himachal Pradesh,North India,Solan,50,101,0,151,11,39,33,68,0,0,44,107
2020,Himachal Pradesh,North India,Solan,25,74,0,99,4,21,17,57,0,0,21,78
2021,Himachal Pradesh,North India,Solan,32,120,0,152,1,31,37,83,0,0,38,114
2022,Himachal Pradesh,North India,Solan,72,126,0,198,11,61,41,85,0,0,52,146
2018,Himachal Pradesh,North India,Total,669,1179,0,1848,125,544,259,920,0,0,384,1464
2019,Himachal Pradesh,North India,Total,679,1356,0,2035,125,554,268,1088,0,0,393,1642
2020,Himachal Pradesh,North India,Total Districts ,447,1095,0,1542,63,384,225,870,0,0,288,1254
2021,Himachal Pradesh,North India,Total Districts ,616,1587,0,2203,82,534,362,1225,0,0,444,1759
2022,Himachal Pradesh,North India,Total Districts ,772,1609,0,2381,75,697,296,1313,0,0,371,2010
2018,Himachal Pradesh,North India,Una,96,90,0,186,6,90,18,72,0,0,24,162
2019,Himachal Pradesh,North India,Una,37,56,0,93,7,30,17,39,0,0,24,69
2020,Himachal Pradesh,North India,Una,16,18,0,34,1,15,6,12,0,0,7,27
2021,Himachal Pradesh,North India,Una,26,33,0,59,9,17,21,12,0,0,30,29
2022,Himachal Pradesh,North India,Una,18,34,0,52,2,16,28,6,0,0,30,22
2018,Jharkhand,North India,Bokaro,7,16,0,23,7,0,16,0,0,0,23,0
2019,Jharkhand,North India,Bokaro,9,5,0,14,9,0,5,0,0,0,14,0
2020,Jharkhand,North India,Bokaro,11,14,0,25,11,0,14,0,0,0,25,0
2021,Jharkhand,North India,Bokaro,5,12,0,17,5,0,12,0,0,0,17,0
2022,Jharkhand,North India,Bokaro,5,26,0,31,0,5,26,0,0,0,26,5
2018,Jharkhand,North India,Chaibasa,5,28,0,33,4,1,17,11,0,0,21,12
2019,Jharkhand,North India,Chaibasa,2,16,0,18,1,1,14,2,0,0,15,3
2020,Jharkhand,North India,Chaibasa,0,2,0,2,0,0,2,0,0,0,2,0
2021,Jharkhand,North India,Chaibasa,1,4,0,5,1,0,4,0,0,0,5,0
2022,Jharkhand,North India,Chaibasa,41,63,0,104,18,23,21,42,0,0,39,65
2018,Jharkhand,North India,Chatra,3,1,4,8,3,0,0,1,3,1,6,2
2019,Jharkhand,North India,Chatra,2,0,0,2,2,0,0,0,0,0,2,0
2020,Jharkhand,North India,Chatra,17,20,0,37,9,8,6,14,0,0,15,22
2021,Jharkhand,North India,Chatra,19,35,0,54,8,11,13,22,0,0,21,33
2022,Jharkhand,North India,Chatra,37,64,0,101,9,28,7,57,0,0,16,85
2018,Jharkhand,North India,Deoghar,13,13,0,26,8,5,6,7,0,0,14,12
2019,Jharkhand,North India,Deoghar,42,65,0,107,27,15,32,33,0,0,59,48
2020,Jharkhand,North India,Deoghar,11,5,0,16,6,5,1,4,0,0,7,9
2021,Jharkhand,North India,Deoghar,4,9,0,13,4,0,9,0,0,0,13,0
2022,Jharkhand,North India,Deoghar,10,3,0,13,10,0,3,0,0,0,13,0
2018,Jharkhand,North India,Dhanbad,19,10,0,29,4,15,4,6,0,0,8,21
2019,Jharkhand,North India,Dhanbad,46,16,0,62,15,31,10,6,0,0,25,37
2020,Jharkhand,North India,Dhanbad,3,2,0,5,1,2,1,1,0,0,2,3
2021,Jharkhand,North India,Dhanbad,5,3,0,8,3,2,2,1,0,0,5,3
2022,Jharkhand,North India,Dhanbad,0,0,0,0,0,0,0,0,0,0,0,0
2018,Jharkhand,North India,Dhanbad Railway,5,3,0,8,0,5,1,2,0,0,1,7
2019,Jharkhand,North India,Dhanbad Railway,3,4,0,7,1,2,0,4,0,0,1,6
2020,Jharkhand,North India,Dhanbad Railway,5,1,0,6,2,3,0,1,0,0,2,4
2021,Jharkhand,North India,Dhanbad Railway,3,2,0,5,1,2,0,2,0,0,1,4
2022,Jharkhand,North India,Dhanbad Railway,2,6,0,8,0,2,2,4,0,0,2,6
2018,Jharkhand,North India,Dumka,23,19,0,42,7,16,4,15,0,0,11,31
2019,Jharkhand,North India,Dumka,38,0,0,38,6,32,0,0,0,0,6,32
2020,Jharkhand,North India,Dumka,15,16,0,31,11,4,9,7,0,0,20,11
2021,Jharkhand,North India,Dumka,0,0,0,0,0,0,0,0,0,0,0,0
2022,Jharkhand,North India,Dumka,0,17,0,17,0,0,4,13,0,0,4,13
2018,Jharkhand,North India,Garhwa,7,9,0,16,5,2,2,7,0,0,7,9
2019,Jharkhand,North India,Garhwa,10,5,0,15,7,3,5,0,0,0,12,3
2020,Jharkhand,North India,Garhwa,5,19,0,24,5,0,19,0,0,0,24,0
2021,Jharkhand,North India,Garhwa,57,64,0,121,23,34,22,42,0,0,45,76
2022,Jharkhand,North India,Garhwa,0,0,0,0,0,0,0,0,0,0,0,0
2018,Jharkhand,North India,Giridih,26,24,0,50,13,13,9,15,0,0,22,28
2019,Jharkhand,North India,Giridih,16,22,0,38,16,0,22,0,0,0,38,0
2020,Jharkhand,North India,Giridih,0,0,0,0,0,0,0,0,0,0,0,0
2021,Jharkhand,North India,Giridih,0,0,0,0,0,0,0,0,0,0,0,0
2022,Jharkhand,North India,Giridih,40,66,0,106,10,30,16,50,0,0,26,80
2018,Jharkhand,North India,Godda,0,4,0,4,0,0,4,0,0,0,4,0
2019,Jharkhand,North India,Godda,10,1,0,11,10,0,1,0,0,0,11,0
2020,Jharkhand,North India,Godda,1,2,0,3,1,0,2,0,0,0,3,0
2021,Jharkhand,North India,Godda,0,0,0,0,0,0,0,0,0,0,0,0
2022,Jharkhand,North India,Godda,22,32,0,54,8,14,3,29,0,0,11,43
2018,Jharkhand,North India,Gumla,6,28,0,34,4,2,26,2,0,0,30,4
2019,Jharkhand,North India,Gumla,2,13,0,15,2,0,13,0,0,0,15,0
2020,Jharkhand,North India,Gumla,4,4,0,8,4,0,2,2,0,0,6,2
2021,Jharkhand,North India,Gumla,0,0,0,0,0,0,0,0,0,0,0,0
2022,Jharkhand,North India,Gumla,45,91,0,136,14,31,38,53,0,0,52,84
2018,Jharkhand,North India,Hazaribagh,33,43,0,76,18,15,24,19,0,0,42,34
2019,Jharkhand,North India,Hazaribagh,29,35,0,64,8,21,4,31,0,0,12,52
2020,Jharkhand,North India,Hazaribagh,26,49,0,75,10,16,15,34,0,0,25,50
2021,Jharkhand,North India,Hazaribagh,43,50,0,93,11,32,17,33,0,0,28,65
2022,Jharkhand,North India,Hazaribagh,47,76,0,123,15,32,15,61,0,0,30,93
2018,Jharkhand,North India,Jamshedpur,23,13,0,36,11,12,8,5,0,0,19,17
2019,Jharkhand,North India,Jamshedpur,24,28,0,52,9,15,4,24,0,0,13,39
2020,Jharkhand,North India,Jamshedpur,37,39,0,76,5,32,6,33,0,0,11,65
2021,Jharkhand,North India,Jamshedpur,34,36,0,70,4,30,5,31,0,0,9,61
2022,Jharkhand,North India,Jamshedpur,57,47,0,104,14,43,7,40,0,0,21,83
2018,Jharkhand,North India,Jamshedpur Railway,2,2,0,4,0,2,0,2,0,0,0,4
2019,Jharkhand,North India,Jamshedpur Railway,17,13,0,30,4,13,6,7,0,0,10,20
2020,Jharkhand,North India,Jamshedpur Railway,5,2,0,7,0,5,0,2,0,0,0,7
2021,Jharkhand,North India,Jamshedpur Railway,3,1,0,4,0,3,1,0,0,0,1,3
2022,Jharkhand,North India,Jamshedpur Railway,6,2,0,8,1,5,0,2,0,0,1,7
2018,Jharkhand,North India,Jamtara,0,0,0,0,0,0,0,0,0,0,0,0
2019,Jharkhand,North India,Jamtara,23,16,0,39,4,19,3,13,0,0,7,32
2020,Jharkhand,North India,Jamtara,14,21,0,35,14,0,21,0,0,0,35,0
2021,Jharkhand,North India,Jamtara,24,51,0,75,5,19,19,32,0,0,24,51
2022,Jharkhand,North India,Jamtara,22,38,0,60,6,16,4,34,0,0,10,50
2018,Jharkhand,North India,Khunti,14,30,0,44,10,4,24,6,0,0,34,10
2019,Jharkhand,North India,Khunti,8,12,0,20,8,0,12,0,0,0,20,0
2020,Jharkhand,North India,Khunti,7,13,0,20,5,2,10,3,0,0,15,5
2021,Jharkhand,North India,Khunti,8,30,0,38,8,0,30,0,0,0,38,0
2022,Jharkhand,North India,Khunti,1,11,0,12,1,0,11,0,0,0,12,0
2018,Jharkhand,North India,Koderma,0,0,0,0,0,0,0,0,0,0,0,0
2019,Jharkhand,North India,Koderma,0,0,0,0,0,0,0,0,0,0,0,0
2020,Jharkhand,North India,Koderma,0,0,0,0,0,0,0,0,0,0,0,0
2021,Jharkhand,North India,Koderma,0,0,0,0,0,0,0,0,0,0,0,0
2022,Jharkhand,North India,Koderma,9,10,0,19,4,5,3,7,0,0,7,12
2018,Jharkhand,North India,Latehar,13,9,0,22,4,9,3,6,0,0,7,15
2019,Jharkhand,North India,Latehar,8,9,0,17,4,4,3,6,0,0,7,10
2020,Jharkhand,North India,Latehar,8,9,0,17,3,5,6,3,0,0,9,8
2021,Jharkhand,North India,Latehar,20,24,0,44,7,13,13,11,0,0,20,24
2022,Jharkhand,North India,Latehar,28,25,0,53,9,19,20,5,0,0,29,24
2018,Jharkhand,North India,Lohardagga,11,3,0,14,8,3,1,2,0,0,9,5
2019,Jharkhand,North India,Lohardagga,0,0,0,0,0,0,0,0,0,0,0,0
2020,Jharkhand,North India,Lohardagga,7,25,0,32,7,0,25,0,0,0,32,0
2021,Jharkhand,North India,Lohardagga,29,79,0,108,14,15,33,46,0,0,47,61
2022,Jharkhand,North India,Lohardagga,40,107,0,147,14,26,47,60,0,0,61,86
2018,Jharkhand,North India,Pakur,3,2,0,5,1,2,2,0,0,0,3,2
2019,Jharkhand,North India,Pakur,18,7,0,25,8,10,2,5,0,0,10,15
2020,Jharkhand,North India,Pakur,0,1,0,1,0,0,1,0,0,0,1,0
2021,Jharkhand,North India,Pakur,1,6,0,7,1,0,6,0,0,0,7,0
2022,Jharkhand,North India,Pakur,4,2,0,6,1,3,0,2,0,0,1,5
2018,Jharkhand,North India,Palamu,38,33,0,71,21,17,16,17,0,0,37,34
2019,Jharkhand,North India,Palamu,48,73,0,121,20,28,20,53,0,0,40,81
2020,Jharkhand,North India,Palamu,25,41,0,66,10,15,12,29,0,0,22,44
2021,Jharkhand,North India,Palamu,11,28,0,39,11,0,28,0,0,0,39,0
2022,Jharkhand,North India,Palamu,5,7,0,12,5,0,5,2,0,0,10,2
2018,Jharkhand,North India,Ramgarh,3,3,0,6,1,2,2,1,0,0,3,3
2019,Jharkhand,North India,Ramgarh,9,12,0,21,0,9,4,8,0,0,4,17
2020,Jharkhand,North India,Ramgarh,8,12,0,20,2,6,5,7,0,0,7,13
2021,Jharkhand,North India,Ramgarh,6,21,0,27,2,4,4,17,0,0,6,21
2022,Jharkhand,North India,Ramgarh,0,0,0,0,0,0,0,0,0,0,0,0
2018,Jharkhand,North India,Ranchi,82,104,0,186,22,60,33,71,0,0,55,131
2019,Jharkhand,North India,Ranchi,71,85,0,156,18,53,10,75,0,0,28,128
2020,Jharkhand,North India,Ranchi,61,75,0,136,11,50,11,64,0,0,22,114
2021,Jharkhand,North India,Ranchi,50,29,0,79,26,24,17,12,0,0,43,36
2022,Jharkhand,North India,Ranchi,57,81,0,138,15,42,14,67,0,0,29,109
2018,Jharkhand,North India,Sahebganj,0,0,0,0,0,0,0,0,0,0,0,0
2019,Jharkhand,North India,Sahebganj,7,0,0,7,7,0,0,0,0,0,7,0
2020,Jharkhand,North India,Sahebganj,1,4,0,5,1,0,2,2,0,0,3,2
2021,Jharkhand,North India,Sahebganj,28,0,0,28,19,9,0,0,0,0,19,9
2022,Jharkhand,North India,Sahebganj,6,8,0,14,3,3,4,4,0,0,7,7
2018,Jharkhand,North India,Saraikela,0,0,0,0,0,0,0,0,0,0,0,0
2019,Jharkhand,North India,Saraikela,0,0,0,0,0,0,0,0,0,0,0,0
2020,Jharkhand,North India,Saraikela,15,0,0,15,15,0,0,0,0,0,15,0
2021,Jharkhand,North India,Saraikela,0,0,0,0,0,0,0,0,0,0,0,0
2022,Jharkhand,North India,Saraikela,0,0,0,0,0,0,0,0,0,0,0,0
2018,Jharkhand,North India,Simdega,3,2,0,5,2,1,1,1,0,0,3,2
2019,Jharkhand,North India,Simdega,0,0,0,0,0,0,0,0,0,0,0,0
2020,Jharkhand,North India,Simdega,5,32,0,37,5,0,32,0,0,0,37,0
2021,Jharkhand,North India,Simdega,2,10,0,12,2,0,10,0,0,0,12,0
2022,Jharkhand,North India,Simdega,0,0,0,0,0,0,0,0,0,0,0,0
2018,Jharkhand,North India,Total,339,399,4,742,153,186,203,196,3,1,359,383
2019,Jharkhand,North India,Total,442,437,0,879,186,256,170,267,0,0,356,523
2020,Jharkhand,North India,Total Districts ,291,408,0,699,138,153,202,206,0,0,340,359
2021,Jharkhand,North India,Total Districts ,353,494,0,847,155,198,245,249,0,0,400,447
2022,Jharkhand,North India,Total Districts ,484,782,0,1266,157,327,250,532,0,0,407,859
2018,Karnataka,South India,Bagalkot,37,87,0,124,2,35,0,87,0,0,2,122
2019,Karnataka,South India,Bagalkot,56,120,0,176,3,53,4,116,0,0,7,169
2020,Karnataka,South India,Bagalkot,46,106,0,152,1,45,2,104,0,0,3,149
2021,Karnataka,South India,Bagalkot,85,178,0,263,14,71,13,165,0,0,27,236
2022,Karnataka,South India,Bagalkot,105,184,0,289,13,92,13,171,0,0,26,263
2018,Karnataka,South India,Ballari,114,158,0,272,19,95,12,146,0,0,31,241
2019,Karnataka,South India,Ballari,146,222,0,368,27,119,31,191,0,0,58,310
2020,Karnataka,South India,Ballari,122,190,0,312,15,107,20,170,0,0,35,277
2021,Karnataka,South India,Ballari,166,241,0,407,19,147,16,225,0,0,35,372
2022,Karnataka,South India,Ballari,121,123,0,244,10,111,13,110,0,0,23,221
2018,Karnataka,South India,Belagavi City,71,73,0,144,4,67,10,63,0,0,14,130
2019,Karnataka,South India,Belagavi City,91,62,0,153,2,89,2,60,0,0,4,149
2020,Karnataka,South India,Belagavi City,65,77,0,142,9,56,6,71,0,0,15,127
2021,Karnataka,South India,Belagavi City,65,105,0,170,8,57,14,91,0,0,22,148
2022,Karnataka,South India,Belagavi City,86,136,0,222,2,84,4,132,0,0,6,216
2018,Karnataka,South India,Belagavi District,147,226,0,373,20,127,20,206,0,0,40,333
2019,Karnataka,South India,Belagavi District,129,256,0,385,2,127,16,240,0,0,18,367
2020,Karnataka,South India,Belagavi District,117,245,0,362,16,101,19,226,0,0,35,327
2021,Karnataka,South India,Belagavi District,146,302,0,448,6,140,7,295,0,0,13,435
2022,Karnataka,South India,Belagavi District,197,435,0,632,28,169,30,405,0,0,58,574
2018,Karnataka,South India,Bengaluru City,2203,3382,0,5585,274,1929,481,2901,0,0,755,4830
2019,Karnataka,South India,Bengaluru City,2072,3004,0,5076,52,2020,52,2952,0,0,104,4972
2020,Karnataka,South India,Bengaluru City,1506,2478,0,3984,124,1382,155,2323,0,0,279,3705
2021,Karnataka,South India,Bengaluru City,1625,2580,0,4205,129,1496,185,2395,0,0,314,3891
2022,Karnataka,South India,Bengaluru City,2009,2843,0,4852,107,1902,114,2729,0,0,221,4631
2018,Karnataka,South India,Bengaluru District,264,548,0,812,24,240,69,479,0,0,93,719
2019,Karnataka,South India,Bengaluru District,283,666,0,949,27,256,35,631,0,0,62,887
2020,Karnataka,South India,Bengaluru District,242,629,0,871,27,215,36,593,0,0,63,808
2021,Karnataka,South India,Bengaluru District,346,614,0,960,40,306,22,592,0,0,62,898
2022,Karnataka,South India,Bengaluru District,363,677,0,1040,24,339,35,642,0,0,59,981
2018,Karnataka,South India,Bidar,30,78,0,108,1,29,0,78,0,0,1,107
2019,Karnataka,South India,Bidar,43,89,0,132,1,42,1,88,0,0,2,130
2020,Karnataka,South India,Bidar,43,96,0,139,12,31,11,85,0,0,23,116
2021,Karnataka,South India,Bidar,62,109,0,171,10,52,9,100,0,0,19,152
2022,Karnataka,South India,Bidar,71,108,0,179,9,62,9,99,0,0,18,161
2018,Karnataka,South India,Chamarajnagar,50,101,0,151,5,45,7,94,0,0,12,139
2019,Karnataka,South India,Chamarajnagar,74,151,0,225,8,66,3,148,0,0,11,214
2020,Karnataka,South India,Chamarajnagar,69,130,0,199,7,62,8,122,0,0,15,184
2021,Karnataka,South India,Chamarajnagar,69,150,0,219,9,60,8,142,0,0,17,202
2022,Karnataka,South India,Chamarajnagar,101,176,0,277,13,88,12,164,0,0,25,252
2018,Karnataka,South India,Chikkaballapura,103,251,0,354,18,85,11,240,0,0,29,325
2019,Karnataka,South India,Chikkaballapura,74,303,0,377,9,65,13,290,0,0,22,355
2020,Karnataka,South India,Chikkaballapura,61,321,0,382,0,61,4,317,0,0,4,378
2021,Karnataka,South India,Chikkaballapura,110,377,0,487,20,90,15,362,0,0,35,452
2022,Karnataka,South India,Chikkaballapura,133,404,0,537,12,121,10,394,0,0,22,515
2018,Karnataka,South India,Chikkamagaluru,79,127,2,208,11,68,4,123,0,2,15,193
2019,Karnataka,South India,Chikkamagaluru,107,187,0,294,5,102,6,181,0,0,11,283
2020,Karnataka,South India,Chikkamagaluru,105,184,0,289,10,95,9,175,0,0,19,270
2021,Karnataka,South India,Chikkamagaluru,107,239,0,346,18,89,13,226,0,0,31,315
2022,Karnataka,South India,Chikkamagaluru,152,297,0,449,14,138,20,277,0,0,34,415
2018,Karnataka,South India,Chitradurga,90,187,0,277,1,89,1,186,0,0,2,275
2019,Karnataka,South India,Chitradurga,92,258,0,350,0,92,0,258,0,0,0,350
2020,Karnataka,South India,Chitradurga,108,367,0,475,7,101,13,354,0,0,20,455
2021,Karnataka,South India,Chitradurga,144,467,0,611,15,129,19,448,0,0,34,577
2022,Karnataka,South India,Chitradurga,174,505,0,679,16,158,12,493,0,0,28,651
2018,Karnataka,South India,Dakshina Kannada,73,84,0,157,6,67,5,79,0,0,11,146
2019,Karnataka,South India,Dakshina Kannada,89,87,0,176,3,86,8,79,0,0,11,165
2020,Karnataka,South India,Dakshina Kannada,65,60,0,125,1,64,5,55,0,0,6,119
2021,Karnataka,South India,Dakshina Kannada,88,85,0,173,4,84,6,79,0,0,10,163
2022,Karnataka,South India,Dakshina Kannada,90,87,0,177,10,80,6,81,0,0,16,161
2018,Karnataka,South India,Davanagere,130,297,0,427,14,116,7,290,0,0,21,406
2019,Karnataka,South India,Davanagere,140,269,0,409,2,138,14,255,0,0,16,393
2020,Karnataka,South India,Davanagere,124,290,0,414,20,104,25,265,0,0,45,369
2021,Karnataka,South India,Davanagere,179,743,0,922,1,178,358,385,0,0,359,563
2022,Karnataka,South India,Davanagere,248,468,0,716,13,235,19,449,0,0,32,684
2018,Karnataka,South India,Dharwad,35,56,0,91,0,35,0,56,0,0,0,91
2019,Karnataka,South India,Dharwad,27,56,0,83,2,25,1,55,0,0,3,80
2020,Karnataka,South India,Dharwad,32,52,0,84,0,32,0,52,0,0,0,84
2021,Karnataka,South India,Dharwad,51,68,0,119,4,47,6,62,0,0,10,109
2022,Karnataka,South India,Dharwad,81,94,0,175,4,77,5,89,0,0,9,166
2018,Karnataka,South India,Gadag,28,62,0,90,1,27,0,62,0,0,1,89
2019,Karnataka,South India,Gadag,38,84,0,122,0,38,0,84,0,0,0,122
2020,Karnataka,South India,Gadag,15,77,0,92,4,11,7,70,0,0,11,81
2021,Karnataka,South India,Gadag,60,145,0,205,10,50,14,131,0,0,24,181
2022,Karnataka,South India,Gadag,69,141,0,210,7,62,6,135,0,0,13,197
2018,Karnataka,South India,Hassan,151,299,0,450,16,135,17,282,0,0,33,417
2019,Karnataka,South India,Hassan,166,344,0,510,16,150,22,322,0,0,38,472
2020,Karnataka,South India,Hassan,134,318,0,452,13,121,5,313,0,0,18,434
2021,Karnataka,South India,Hassan,142,266,0,408,15,127,15,251,0,0,30,378
2022,Karnataka,South India,Hassan,127,253,0,380,1,126,9,244,0,0,10,370
2018,Karnataka,South India,Haveri,63,130,0,193,10,53,9,121,0,0,19,174
2019,Karnataka,South India,Haveri,65,163,0,228,6,59,11,152,0,0,17,211
2020,Karnataka,South India,Haveri,75,205,0,280,4,71,9,196,0,0,13,267
2021,Karnataka,South India,Haveri,88,239,0,327,8,80,11,228,0,0,19,308
2022,Karnataka,South India,Haveri,107,281,0,388,7,100,17,264,0,0,24,364
2018,Karnataka,South India,Hubballi Dharwad City,65,90,0,155,7,58,4,86,0,0,11,144
2019,Karnataka,South India,Hubballi Dharwad City,88,116,0,204,4,84,16,100,0,0,20,184
2020,Karnataka,South India,Hubballi Dharwad City,63,72,0,135,2,61,11,61,0,0,13,122
2021,Karnataka,South India,Hubballi Dharwad City,100,157,0,257,8,92,9,148,0,0,17,240
2022,Karnataka,South India,Hubballi Dharwad City,131,190,0,321,7,124,10,180,0,0,17,304
2018,Karnataka,South India,K.G.F.,23,67,0,90,3,20,2,65,0,0,5,85
2019,Karnataka,South India,K.G.F.,39,97,0,136,9,30,7,90,0,0,16,120
2020,Karnataka,South India,K.G.F.,26,73,0,99,2,24,10,63,0,0,12,87
2021,Karnataka,South India,K.G.F.,32,106,0,138,5,27,5,101,0,0,10,128
2022,Karnataka,South India,K.G.F.,53,173,0,226,9,44,9,164,0,0,18,208
2018,Karnataka,South India,K.Railways,14,11,0,25,5,9,0,11,0,0,5,20
2019,Karnataka,South India,K.Railways,16,16,5,37,0,16,1,15,5,0,6,31
2020,Karnataka,South India,K.Railways,14,8,0,22,0,14,0,8,0,0,0,22
2021,Karnataka,South India,K.Railways,7,11,0,18,2,5,1,10,0,0,3,15
2022,Karnataka,South India,K.Railways,11,9,0,20,0,11,0,9,0,0,0,20
2018,Karnataka,South India,Kalaburgi,52,88,0,140,0,52,0,88,0,0,0,140
2019,Karnataka,South India,Kalaburgi,46,119,0,165,2,44,4,115,0,0,6,159
2020,Karnataka,South India,Kalaburgi,33,74,0,107,0,33,1,73,0,0,1,106
2021,Karnataka,South India,Kalaburgi,65,128,0,193,14,51,9,119,0,0,23,170
2022,Karnataka,South India,Kalaburgi,57,122,0,179,10,47,7,115,0,0,17,162
2019,Karnataka,South India,Kalaburgi City,28,24,0,52,4,24,3,21,0,0,7,45
2020,Karnataka,South India,Kalaburgi City,24,68,0,92,7,17,4,64,0,0,11,81
2021,Karnataka,South India,Kalaburgi City,36,84,0,120,3,33,9,75,0,0,12,108
2022,Karnataka,South India,Kalaburgi City,61,104,0,165,5,56,9,95,0,0,14,151
2018,Karnataka,South India,Kodagu,90,120,0,210,11,79,31,89,0,0,42,168
2019,Karnataka,South India,Kodagu,51,103,0,154,0,51,0,103,0,0,0,154
2020,Karnataka,South India,Kodagu,70,124,0,194,11,59,11,113,0,0,22,172
2021,Karnataka,South India,Kodagu,57,92,0,149,9,48,9,83,0,0,18,131
2022,Karnataka,South India,Kodagu,60,95,0,155,6,54,7,88,0,0,13,142
2018,Karnataka,South India,Kolar,57,168,0,225,11,46,14,154,0,0,25,200
2019,Karnataka,South India,Kolar,67,163,0,230,0,67,0,163,0,0,0,230
2020,Karnataka,South India,Kolar,83,224,0,307,9,74,18,206,0,0,27,280
2021,Karnataka,South India,Kolar,79,229,0,308,18,61,8,221,0,0,26,282
2022,Karnataka,South India,Kolar,164,390,0,554,21,143,12,378,0,0,33,521
2018,Karnataka,South India,Koppal,35,67,0,102,0,35,0,67,0,0,0,102
2019,Karnataka,South India,Koppal,48,110,0,158,1,47,12,98,0,0,13,145
2020,Karnataka,South India,Koppal,46,121,0,167,0,46,15,106,0,0,15,152
2021,Karnataka,South India,Koppal,46,160,0,206,9,37,14,146,0,0,23,183
2022,Karnataka,South India,Koppal,76,182,0,258,10,66,8,174,0,0,18,240
2018,Karnataka,South India,Mandya,186,427,0,613,19,167,31,396,0,0,50,563
2019,Karnataka,South India,Mandya,215,455,0,670,0,215,0,455,0,0,0,670
2020,Karnataka,South India,Mandya,212,481,0,693,28,184,36,445,0,0,64,629
2021,Karnataka,South India,Mandya,196,428,0,624,0,196,0,428,0,0,0,624
2022,Karnataka,South India,Mandya,256,497,0,753,22,234,30,467,0,0,52,701
2018,Karnataka,South India,Mangaluru City,122,93,0,215,2,120,3,90,0,0,5,210
2019,Karnataka,South India,Mangaluru City,131,107,0,238,5,126,3,104,0,0,8,230
2020,Karnataka,South India,Mangaluru City,90,73,0,163,1,89,0,73,0,0,1,162
2021,Karnataka,South India,Mangaluru City,91,94,0,185,6,85,11,83,0,0,17,168
2022,Karnataka,South India,Mangaluru City,98,86,0,184,10,88,1,85,0,0,11,173
2018,Karnataka,South India,Mysuru City,247,336,0,583,55,192,74,262,0,0,129,454
2019,Karnataka,South India,Mysuru City,182,264,0,446,14,168,24,240,0,0,38,408
2020,Karnataka,South India,Mysuru City,155,201,0,356,12,143,14,187,0,0,26,330
2021,Karnataka,South India,Mysuru City,160,206,0,366,17,143,20,186,0,0,37,329
2022,Karnataka,South India,Mysuru City,202,254,0,456,9,193,11,243,0,0,20,436
2018,Karnataka,South India,Mysuru District,195,343,0,538,25,170,21,322,0,0,46,492
2019,Karnataka,South India,Mysuru District,187,396,0,583,17,170,34,362,0,0,51,532
2020,Karnataka,South India,Mysuru District,169,344,0,513,14,155,18,326,0,0,32,481
2021,Karnataka,South India,Mysuru District,235,424,0,659,22,213,26,398,0,0,48,611
2022,Karnataka,South India,Mysuru District,279,468,0,747,25,254,22,446,0,0,47,700
2018,Karnataka,South India,Raichur,54,82,0,136,5,49,1,81,0,0,6,130
2019,Karnataka,South India,Raichur,62,140,0,202,11,51,9,131,0,0,20,182
2020,Karnataka,South India,Raichur,59,137,0,196,11,48,13,124,0,0,24,172
2021,Karnataka,South India,Raichur,59,146,0,205,11,48,17,129,0,0,28,177
2022,Karnataka,South India,Raichur,88,166,0,254,9,79,3,163,0,0,12,242
2018,Karnataka,South India,Ramanagara,216,386,0,602,32,184,27,359,0,0,59,543
2019,Karnataka,South India,Ramanagara,194,350,0,544,24,170,29,321,0,0,53,491
2020,Karnataka,South India,Ramanagara,147,321,0,468,21,126,28,293,0,0,49,419
2021,Karnataka,South India,Ramanagara,174,349,0,523,26,148,20,329,0,0,46,477
2022,Karnataka,South India,Ramanagara,277,444,0,721,15,262,19,425,0,0,34,687
2018,Karnataka,South India,Shimoga,241,445,0,686,34,207,34,411,0,0,68,618
2019,Karnataka,South India,Shimoga,212,425,0,637,0,212,0,425,0,0,0,637
2020,Karnataka,South India,Shimoga,235,499,0,734,22,213,36,463,0,0,58,676
2021,Karnataka,South India,Shimoga,244,466,0,710,26,218,30,436,0,0,56,654
2022,Karnataka,South India,Shimoga,305,566,0,871,22,283,24,542,0,0,46,825
2018,Karnataka,South India,Total,5709,9567,2,15278,677,5032,946,8621,0,2,1623,13655
2019,Karnataka,South India,Total,5725,10115,5,15845,336,5389,494,9621,5,0,835,15010
2020,Karnataka,South India,Total Districts ,4798,9542,0,14340,471,4327,614,8928,0,0,1085,13255
2021,Karnataka,South India,Total Districts ,5643,10962,0,16605,562,5081,1013,9949,0,0,1575,15030
2022,Karnataka,South India,Total Districts ,7090,12282,0,19372,542,6548,568,11714,0,0,1110,18262
2018,Karnataka,South India,Tumakuru,149,335,0,484,11,138,25,310,0,0,36,448
2019,Karnataka,South India,Tumakuru,158,454,0,612,39,119,85,369,0,0,124,488
2020,Karnataka,South India,Tumakuru,172,434,0,606,22,150,19,415,0,0,41,565
2021,Karnataka,South India,Tumakuru,184,561,0,745,13,171,26,535,0,0,39,706
2022,Karnataka,South India,Tumakuru,213,515,0,728,28,185,16,499,0,0,44,684
2018,Karnataka,South India,Udupi,91,73,0,164,6,85,7,66,0,0,13,151
2019,Karnataka,South India,Udupi,83,65,0,148,9,74,6,59,0,0,15,133
2020,Karnataka,South India,Udupi,73,82,0,155,1,72,11,71,0,0,12,143
2021,Karnataka,South India,Udupi,103,104,0,207,10,93,10,94,0,0,20,187
2022,Karnataka,South India,Udupi,122,131,0,253,3,119,5,126,0,0,8,245
2018,Karnataka,South India,Uttara Kannada,92,137,0,229,5,87,8,129,0,0,13,216
2019,Karnataka,South India,Uttara Kannada,106,176,0,282,11,95,12,164,0,0,23,259
2020,Karnataka,South India,Uttara Kannada,80,144,0,224,8,72,6,138,0,0,14,210
2021,Karnataka,South India,Uttara Kannada,116,187,0,303,20,96,5,182,0,0,25,278
2022,Karnataka,South India,Uttara Kannada,149,221,0,370,13,136,16,205,0,0,29,341
2022,Karnataka,South India,Vijayanagara,88,138,0,226,8,80,14,124,0,0,22,204
2018,Karnataka,South India,Vijayapura,89,119,0,208,15,74,9,110,0,0,24,184
2019,Karnataka,South India,Vijayapura,86,182,0,268,14,72,29,153,0,0,43,225
2020,Karnataka,South India,Vijayapura,92,196,0,288,25,67,25,171,0,0,50,238
2021,Karnataka,South India,Vijayapura,93,49,0,142,7,86,49,0,0,0,56,86
2022,Karnataka,South India,Vijayapura,139,258,0,397,20,119,11,247,0,0,31,366
2018,Karnataka,South India,Yadgiri,23,34,0,57,5,18,2,32,0,0,7,50
2019,Karnataka,South India,Yadgiri,34,32,0,66,7,27,1,31,0,0,8,58
2020,Karnataka,South India,Yadgiri,26,41,0,67,5,21,4,37,0,0,9,58
2021,Karnataka,South India,Yadgiri,33,73,0,106,6,27,4,69,0,0,10,96
2022,Karnataka,South India,Yadgiri,27,61,0,88,0,27,0,61,0,0,0,88
2018,Kashmir,North India,Anantnag,56,53,0,109,5,51,4,49,0,0,9,100
2019,Kashmir,North India,Anantnag,27,55,0,82,0,27,26,29,0,0,26,56
2020,Kashmir,North India,Anantnag,39,53,0,92,0,39,16,37,0,0,16,76
2021,Kashmir,North India,Anantnag,49,54,0,103,0,49,17,37,0,0,17,86
2022,Kashmir,North India,Anantnag,72,64,0,136,3,69,15,49,0,0,18,118
2021,Kashmir,North India,Anti Narcotic Task Force Jammu,0,0,0,0,0,0,0,0,0,0,0,0
2022,Kashmir,North India,Anti Narcotic Task Force Jammu,0,0,0,0,0,0,0,0,0,0,0,0
2022,Kashmir,North India,Anti Narcotic Task Force Kashmir,0,0,0,0,0,0,0,0,0,0,0,0
2018,Kashmir,North India,Awantipora,23,12,0,35,0,23,0,12,0,0,0,35
2019,Kashmir,North India,Awantipora,18,14,0,32,0,18,0,14,0,0,0,32
2020,Kashmir,North India,Awantipora,38,5,0,43,0,38,0,5,0,0,0,43
2021,Kashmir,North India,Awantipora,30,20,0,50,0,30,0,20,0,0,0,50
2022,Kashmir,North India,Awantipora,16,13,0,29,1,15,0,13,0,0,1,28
2018,Kashmir,North India,Bandipora,16,22,0,38,6,10,4,18,0,0,10,28
2019,Kashmir,North India,Bandipora,33,27,0,60,8,25,3,24,0,0,11,49
2020,Kashmir,North India,Bandipora,18,16,0,34,5,13,2,14,0,0,7,27
2021,Kashmir,North India,Bandipora,11,42,0,53,2,9,6,36,0,0,8,45
2022,Kashmir,North India,Bandipora,22,33,0,55,8,14,2,31,0,0,10,45
2018,Kashmir,North India,Baramulla,5,13,0,18,2,3,3,10,0,0,5,13
2019,Kashmir,North India,Baramulla,0,0,0,0,0,0,0,0,0,0,0,0
2020,Kashmir,North India,Baramulla,0,67,0,67,0,0,30,37,0,0,30,37
2021,Kashmir,North India,Baramulla,0,63,0,63,0,0,63,0,0,0,63,0
2022,Kashmir,North India,Baramulla,0,52,0,52,0,0,25,27,0,0,25,27
2018,Kashmir,North India,Budgam,48,100,0,148,4,44,2,98,0,0,6,142
2019,Kashmir,North India,Budgam,19,19,0,38,0,19,0,19,0,0,0,38
2020,Kashmir,North India,Budgam,21,33,0,54,1,20,0,33,0,0,1,53
2021,Kashmir,North India,Budgam,35,40,0,75,3,32,0,40,0,0,3,72
2022,Kashmir,North India,Budgam,43,68,0,111,0,43,0,68,0,0,0,111
2022,Kashmir,North India,CICE Jammu,0,0,0,0,0,0,0,0,0,0,0,0
2022,Kashmir,North India,CICE Kashmir,0,0,0,0,0,0,0,0,0,0,0,0
2018,Kashmir,North India,Crime Jammu,0,0,0,0,0,0,0,0,0,0,0,0
2019,Kashmir,North India,Crime Jammu,0,0,0,0,0,0,0,0,0,0,0,0
2020,Kashmir,North India,Crime Jammu,0,0,0,0,0,0,0,0,0,0,0,0
2021,Kashmir,North India,Crime Jammu,0,0,0,0,0,0,0,0,0,0,0,0
2018,Kashmir,North India,Crime Srinagar,0,0,0,0,0,0,0,0,0,0,0,0
2019,Kashmir,North India,Crime Srinagar,0,0,0,0,0,0,0,0,0,0,0,0
2020,Kashmir,North India,Crime Srinagar,0,0,0,0,0,0,0,0,0,0,0,0
2021,Kashmir,North India,Crime Srinagar,0,0,0,0,0,0,0,0,0,0,0,0
2021,Kashmir,North India,Cyber Crime Jammu,0,0,0,0,0,0,0,0,0,0,0,0
2022,Kashmir,North India,Cyber Crime Jammu,0,0,0,0,0,0,0,0,0,0,0,0
2021,Kashmir,North India,Cyber Crime Kashmir,0,0,0,0,0,0,0,0,0,0,0,0
2022,Kashmir,North India,Cyber Crime Kashmir,0,0,0,0,0,0,0,0,0,0,0,0
2018,Kashmir,North India,Doda,22,55,0,77,3,19,4,51,0,0,7,70
2019,Kashmir,North India,Doda,16,63,0,79,0,16,15,48,0,0,15,64
2020,Kashmir,North India,Doda,25,68,0,93,2,23,0,68,0,0,2,91
2021,Kashmir,North India,Doda,20,60,0,80,0,20,0,60,0,0,0,80
2022,Kashmir,North India,Doda,19,73,0,92,1,18,5,68,0,0,6,86
2022,Kashmir,North India,EOW Jammu,0,0,0,0,0,0,0,0,0,0,0,0
2022,Kashmir,North India,EOW Kashmir,0,0,0,0,0,0,0,0,0,0,0,0
2018,Kashmir,North India,Ganderbal,27,66,0,93,4,23,13,53,0,0,17,76
2019,Kashmir,North India,Ganderbal,17,33,0,50,2,15,0,33,0,0,2,48
2020,Kashmir,North India,Ganderbal,25,39,0,64,2,23,0,39,0,0,2,62
2021,Kashmir,North India,Ganderbal,21,36,0,57,2,19,6,30,0,0,8,49
2022,Kashmir,North India,Ganderbal,42,40,0,82,8,34,7,33,0,0,15,67
2018,Kashmir,North India,Handwara,31,6,0,37,6,25,0,6,0,0,6,31
2019,Kashmir,North India,Handwara,13,17,0,30,6,7,8,9,0,0,14,16
2020,Kashmir,North India,Handwara,8,15,0,23,1,7,5,10,0,0,6,17
2021,Kashmir,North India,Handwara,12,18,0,30,4,8,1,17,0,0,5,25
2022,Kashmir,North India,Handwara,0,0,0,0,0,0,0,0,0,0,0,0
2018,Kashmir,North India,Jammu,231,199,0,430,0,231,0,199,0,0,0,430
2019,Kashmir,North India,Jammu,69,390,0,459,20,49,0,390,0,0,20,439
2020,Kashmir,North India,Jammu,136,257,0,393,0,136,0,257,0,0,0,393
2021,Kashmir,North India,Jammu,212,386,0,598,0,212,0,386,0,0,0,598
2022,Kashmir,North India,Jammu,393,256,0,649,0,393,0,256,0,0,0,649
2018,Kashmir,North India,Kargil,5,4,0,9,0,5,1,3,0,0,1,8
2019,Kashmir,North India,Kargil,5,6,0,11,0,5,1,5,0,0,1,10
2018,Kashmir,North India,Kathua,42,137,0,179,6,36,28,109,0,0,34,145
2019,Kashmir,North India,Kathua,38,139,0,177,10,28,23,116,0,0,33,144
2020,Kashmir,North India,Kathua,41,162,0,203,6,35,27,135,0,0,33,170
2021,Kashmir,North India,Kathua,49,177,0,226,12,37,35,142,0,0,47,179
2022,Kashmir,North India,Kathua,45,208,0,253,10,35,44,164,0,0,54,199
2018,Kashmir,North India,Kishtwar,24,23,0,47,1,23,10,13,0,0,11,36
2019,Kashmir,North India,Kishtwar,11,28,0,39,0,11,0,28,0,0,0,39
2020,Kashmir,North India,Kishtwar,4,34,0,38,0,4,0,34,0,0,0,38
2021,Kashmir,North India,Kishtwar,11,45,0,56,0,11,0,45,0,0,0,56
2022,Kashmir,North India,Kishtwar,15,40,0,55,4,11,0,40,0,0,4,51
2018,Kashmir,North India,Kulgam,42,27,0,69,0,42,0,27,0,0,0,69
2019,Kashmir,North India,Kulgam,27,10,0,37,1,26,0,10,0,0,1,36
2020,Kashmir,North India,Kulgam,35,18,0,53,1,34,4,14,0,0,5,48
2021,Kashmir,North India,Kulgam,27,45,0,72,0,27,0,45,0,0,0,72
2022,Kashmir,North India,Kulgam,26,16,0,42,0,26,1,15,0,0,1,41
2018,Kashmir,North India,Kupwara,92,83,0,175,10,82,18,65,0,0,28,147
2019,Kashmir,North India,Kupwara,31,44,0,75,5,26,1,43,0,0,6,69
2020,Kashmir,North India,Kupwara,19,52,0,71,2,17,5,47,0,0,7,64
2021,Kashmir,North India,Kupwara,33,62,0,95,1,32,0,62,0,0,1,94
2022,Kashmir,North India,Kupwara,36,67,0,103,5,31,0,67,0,0,5,98
2018,Kashmir,North India,Leh,8,5,0,13,0,8,0,5,0,0,0,13
2019,Kashmir,North India,Leh,10,10,0,20,0,10,0,10,0,0,0,20
2018,Kashmir,North India,Poonch,19,58,0,77,1,18,1,57,0,0,2,75
2019,Kashmir,North India,Poonch,13,58,0,71,1,12,1,57,0,0,2,69
2020,Kashmir,North India,Poonch,14,77,0,91,3,11,16,61,0,0,19,72
2021,Kashmir,North India,Poonch,20,92,0,112,8,12,3,89,0,0,11,101
2022,Kashmir,North India,Poonch,26,102,0,128,4,22,1,101,0,0,5,123
2018,Kashmir,North India,Pulwama,38,12,0,50,0,38,0,12,0,0,0,50
2019,Kashmir,North India,Pulwama,41,17,0,58,0,41,0,17,0,0,0,58
2020,Kashmir,North India,Pulwama,18,10,0,28,0,18,0,10,0,0,0,28
2021,Kashmir,North India,Pulwama,21,16,0,37,0,21,0,16,0,0,0,37
2022,Kashmir,North India,Pulwama,41,19,0,60,0,41,0,19,0,0,0,60
2018,Kashmir,North India,Railways Jammu,7,1,0,8,0,7,0,1,0,0,0,8
2019,Kashmir,North India,Railways Jammu,2,1,0,3,0,2,0,1,0,0,0,3
2020,Kashmir,North India,Railways Jammu,1,0,0,1,0,1,0,0,0,0,0,1
2021,Kashmir,North India,Railways Jammu,2,2,0,4,0,2,0,2,0,0,0,4
2022,Kashmir,North India,Railways Jammu,7,2,0,9,1,6,0,2,0,0,1,8
2018,Kashmir,North India,Railways Kashmir,0,0,0,0,0,0,0,0,0,0,0,0
2019,Kashmir,North India,Railways Kashmir,0,0,0,0,0,0,0,0,0,0,0,0
2020,Kashmir,North India,Railways Kashmir,0,0,0,0,0,0,0,0,0,0,0,0
2021,Kashmir,North India,Railways Kashmir,0,0,0,0,0,0,0,0,0,0,0,0
2022,Kashmir,North India,Railways Kashmir,0,0,0,0,0,0,0,0,0,0,0,0
2018,Kashmir,North India,Railways Katra,0,1,0,1,0,0,0,1,0,0,0,1
2019,Kashmir,North India,Railways Katra,0,0,0,0,0,0,0,0,0,0,0,0
2020,Kashmir,North India,Railways Katra,0,0,0,0,0,0,0,0,0,0,0,0
2021,Kashmir,North India,Railways Katra,0,0,0,0,0,0,0,0,0,0,0,0
2022,Kashmir,North India,Railways Katra,0,0,0,0,0,0,0,0,0,0,0,0
2018,Kashmir,North India,Rajouri,8,46,0,54,3,5,0,46,0,0,3,51
2019,Kashmir,North India,Rajouri,21,98,0,119,3,18,0,98,0,0,3,116
2020,Kashmir,North India,Rajouri,15,80,0,95,5,10,6,74,0,0,11,84
2021,Kashmir,North India,Rajouri,23,99,0,122,2,21,4,95,0,0,6,116
2022,Kashmir,North India,Rajouri,35,118,0,153,2,33,2,116,0,0,4,149
2018,Kashmir,North India,Ramban,16,34,0,50,5,11,4,30,0,0,9,41
2019,Kashmir,North India,Ramban,10,38,0,48,3,7,0,38,0,0,3,45
2020,Kashmir,North India,Ramban,8,40,0,48,0,8,1,39,0,0,1,47
2021,Kashmir,North India,Ramban,7,52,0,59,0,7,0,52,0,0,0,59
2022,Kashmir,North India,Ramban,14,45,0,59,8,6,33,12,0,0,41,18
2018,Kashmir,North India,Reasi,20,62,0,82,0,20,0,62,0,0,0,82
2019,Kashmir,North India,Reasi,31,74,0,105,1,30,20,54,0,0,21,84
2020,Kashmir,North India,Reasi,11,60,0,71,0,11,0,60,0,0,0,71
2021,Kashmir,North India,Reasi,17,71,0,88,0,17,0,71,0,0,0,88
2022,Kashmir,North India,Reasi,56,108,0,164,5,51,23,85,0,0,28,136
2018,Kashmir,North India,Samba,31,52,0,83,1,30,10,42,0,0,11,72
2019,Kashmir,North India,Samba,19,44,0,63,3,16,8,36,0,0,11,52
2020,Kashmir,North India,Samba,35,43,0,78,2,33,5,38,0,0,7,71
2021,Kashmir,North India,Samba,34,96,0,130,5,29,12,84,0,0,17,113
2022,Kashmir,North India,Samba,49,120,0,169,4,45,23,97,0,0,27,142
2018,Kashmir,North India,Shopian,43,27,0,70,5,38,15,12,0,0,20,50
2019,Kashmir,North India,Shopian,35,13,0,48,5,30,3,10,0,0,8,40
2020,Kashmir,North India,Shopian,43,33,0,76,10,33,8,25,0,0,18,58
2021,Kashmir,North India,Shopian,7,39,0,46,0,7,9,30,0,0,9,37
2022,Kashmir,North India,Shopian,23,29,0,52,4,19,16,13,0,0,20,32
2018,Kashmir,North India,Sopore,34,17,0,51,7,27,0,17,0,0,7,44
2019,Kashmir,North India,Sopore,27,21,0,48,6,21,1,20,0,0,7,41
2020,Kashmir,North India,Sopore,21,67,0,88,6,15,22,45,0,0,28,60
2021,Kashmir,North India,Sopore,23,44,0,67,10,13,24,20,0,0,34,33
2022,Kashmir,North India,Sopore,3,15,0,18,3,0,7,8,0,0,10,8
2022,Kashmir,North India,Special Crime Wing Jammu,0,0,0,0,0,0,0,0,0,0,0,0
2022,Kashmir,North India,Special Crime Wing Kashmir,0,0,0,0,0,0,0,0,0,0,0,0
2018,Kashmir,North India,Srinagar,118,108,0,226,21,97,73,35,0,0,94,132
2019,Kashmir,North India,Srinagar,167,148,0,315,20,147,43,105,0,0,63,252
2020,Kashmir,North India,Srinagar,105,102,0,207,4,101,5,97,0,0,9,198
2021,Kashmir,North India,Srinagar,120,127,0,247,8,112,3,124,0,0,11,236
2022,Kashmir,North India,Srinagar,198,141,0,339,12,186,11,130,0,0,23,316
2018,Kashmir,North India,Total,1094,1335,0,2429,94,1000,200,1135,0,0,294,2135
2019,Kashmir,North India,Total,757,1477,0,2234,103,654,174,1303,0,0,277,1957
2020,Kashmir,North India,Total Districts ,716,1404,0,2120,63,653,167,1237,0,0,230,1890
2021,Kashmir,North India,Total Districts ,838,1835,0,2673,64,774,215,1620,0,0,279,2394
2022,Kashmir,North India,Total Districts ,1257,1766,0,3023,91,1166,247,1519,0,0,338,2685
2018,Kashmir,North India,Udhampur,88,112,0,200,4,84,10,102,0,0,14,186
2019,Kashmir,North India,Udhampur,57,110,0,167,9,48,21,89,0,0,30,137
2020,Kashmir,North India,Udhampur,36,73,0,109,13,23,15,58,0,0,28,81
2021,Kashmir,North India,Udhampur,54,149,0,203,7,47,32,117,0,0,39,164
2022,Kashmir,North India,Udhampur,76,137,0,213,8,68,32,105,0,0,40,173
2018,Kerala,South India,Alapuzha,248,565,0,813,34,214,51,514,0,0,85,728
2019,Kerala,South India,Alapuzha,280,707,0,987,49,231,57,650,0,0,106,881
2020,Kerala,South India,Alapuzha,158,521,0,679,29,129,35,486,0,0,64,615
2021,Kerala,South India,Alapuzha,213,527,0,740,37,176,60,467,0,0,97,643
2022,Kerala,South India,Alapuzha,284,515,0,799,51,233,62,453,0,0,113,686
2022,Kerala,South India,All Districts,233,375,0,608,50,183,70,305,0,0,120,488
2018,Kerala,South India,Crime Branch,3,3,0,6,0,3,0,3,0,0,0,6
2019,Kerala,South India,Crime Branch,0,1,0,1,0,0,0,1,0,0,0,1
2020,Kerala,South India,Crime Branch,0,1,1,2,0,0,1,0,1,0,2,0
2021,Kerala,South India,Crime Branch,0,0,0,0,0,0,0,0,0,0,0,0
2022,Kerala,South India,Crime Branch,0,0,0,0,0,0,0,0,0,0,0,0
2018,Kerala,South India,Ernakulam Commr.,208,443,0,651,35,173,54,389,0,0,89,562
2019,Kerala,South India,Ernakulam Commr.,204,364,0,568,29,175,33,331,0,0,62,506
2020,Kerala,South India,Ernakulam Commr.,128,163,0,291,18,110,13,150,0,0,31,260
2021,Kerala,South India,Ernakulam Commr.,126,225,0,351,24,102,27,198,0,0,51,300
2022,Kerala,South India,Ernakulam Commr.,193,233,0,426,25,168,27,206,0,0,52,374
2018,Kerala,South India,Ernakulam Rural,242,505,0,747,59,183,55,450,0,0,114,633
2019,Kerala,South India,Ernakulam Rural,259,570,0,829,51,208,84,486,0,0,135,694
2020,Kerala,South India,Ernakulam Rural,187,349,0,536,33,154,34,315,0,0,67,469
2021,Kerala,South India,Ernakulam Rural,228,393,6,627,49,179,55,338,0,6,104,523
2022,Kerala,South India,Ernakulam Rural,263,401,0,664,32,231,58,343,0,0,90,574
2018,Kerala,South India,Idukki,177,249,0,426,31,146,38,211,0,0,69,357
2019,Kerala,South India,Idukki,164,302,0,466,41,123,56,246,0,0,97,369
2020,Kerala,South India,Idukki,122,256,0,378,33,89,24,232,0,0,57,321
2021,Kerala,South India,Idukki,155,236,0,391,54,101,36,200,0,0,90,301
2022,Kerala,South India,Idukki,193,286,0,479,39,154,55,231,0,0,94,385
2018,Kerala,South India,Kannur,163,282,0,445,30,133,36,246,0,0,66,379
2019,Kerala,South India,Kannur,240,345,0,585,53,187,25,320,0,0,78,507
2020,Kerala,South India,Kannur,94,205,0,299,25,69,30,175,0,0,55,244
2021,Kerala,South India,Kannur City,62,108,0,170,10,52,19,89,0,0,29,141
2022,Kerala,South India,Kannur City,96,123,0,219,24,72,26,97,0,0,50,169
2021,Kerala,South India,Kannur Rural,52,124,0,176,8,44,15,109,0,0,23,153
2022,Kerala,South India,Kannur Rural,88,131,0,219,21,67,19,112,0,0,40,179
2018,Kerala,South India,Kasargod,114,170,0,284,28,86,37,133,0,0,65,219
2019,Kerala,South India,Kasargod,136,194,0,330,47,89,24,170,0,0,71,259
2020,Kerala,South India,Kasargod,78,133,0,211,20,58,23,110,0,0,43,168
2021,Kerala,South India,Kasargod,110,177,0,287,25,85,29,148,0,0,54,233
2022,Kerala,South India,Kasargod,143,186,0,329,31,112,26,160,0,0,57,272
2018,Kerala,South India,Kollam Commr.,213,560,0,773,72,141,68,492,0,0,140,633
2019,Kerala,South India,Kollam Commr.,250,633,0,883,78,172,66,567,0,0,144,739
2020,Kerala,South India,Kollam Commr.,161,542,0,703,45,116,63,479,0,0,108,595
2021,Kerala,South India,Kollam Commr.,212,531,0,743,55,157,49,482,0,0,104,639
2022,Kerala,South India,Kollam Commr.,247,470,0,717,67,180,65,405,0,0,132,585
2018,Kerala,South India,Kollam Rural,242,512,0,754,70,172,50,462,0,0,120,634
2019,Kerala,South India,Kollam Rural,232,654,0,886,58,174,58,596,0,0,116,770
2020,Kerala,South India,Kollam Rural,190,506,0,696,37,153,32,474,0,0,69,627
2021,Kerala,South India,Kollam Rural,122,363,0,485,22,100,67,296,0,0,89,396
2022,Kerala,South India,Kollam Rural,140,331,0,471,32,108,27,304,0,0,59,412
2018,Kerala,South India,Kottayam,168,493,0,661,19,149,52,441,0,0,71,590
2019,Kerala,South India,Kottayam,224,547,0,771,29,195,56,491,0,0,85,686
2020,Kerala,South India,Kottayam,129,295,0,424,16,113,40,255,0,0,56,368
2021,Kerala,South India,Kottayam,158,348,39,545,30,128,57,291,0,39,87,458
2022,Kerala,South India,Kottayam,294,352,0,646,38,256,55,297,0,0,93,553
2018,Kerala,South India,Kozhikode Commr.,161,165,46,372,44,117,51,114,14,32,109,263
2019,Kerala,South India,Kozhikode Commr.,174,215,0,389,50,124,33,182,0,0,83,306
2020,Kerala,South India,Kozhikode Commr.,105,179,0,284,32,73,28,151,0,0,60,224
2021,Kerala,South India,Kozhikode Commr.,178,187,0,365,35,143,35,152,0,0,70,295
2022,Kerala,South India,Kozhikode Commr.,230,222,0,452,62,168,44,178,0,0,106,346
2018,Kerala,South India,Kozhikode Rural,197,362,0,559,51,146,42,320,0,0,93,466
2019,Kerala,South India,Kozhikode Rural,216,406,0,622,41,175,42,364,0,0,83,539
2020,Kerala,South India,Kozhikode Rural,140,325,0,465,36,104,30,295,0,0,66,399
2021,Kerala,South India,Kozhikode Rural,164,312,0,476,43,121,37,275,0,0,80,396
2022,Kerala,South India,Kozhikode Rural,240,385,0,625,54,186,45,340,0,0,99,526
2018,Kerala,South India,Malappuram,269,373,0,642,87,182,71,302,0,0,158,484
2019,Kerala,South India,Malappuram,312,423,0,735,122,190,67,356,0,0,189,546
2020,Kerala,South India,Malappuram,204,355,0,559,73,131,36,319,0,0,109,450
2021,Kerala,South India,Malappuram,247,386,0,633,79,168,93,293,0,0,172,461
2022,Kerala,South India,Malappuram,262,344,0,606,85,177,69,275,0,0,154,452
2018,Kerala,South India,Palakkad,279,545,0,824,68,211,86,459,0,0,154,670
2019,Kerala,South India,Palakkad,291,615,0,906,86,205,78,537,0,0,164,742
2020,Kerala,South India,Palakkad,174,432,0,606,38,136,56,376,0,0,94,512
2021,Kerala,South India,Palakkad,197,428,0,625,47,150,59,369,0,0,106,519
2022,Kerala,South India,Palakkad,249,394,0,643,56,193,70,324,0,0,126,517
2018,Kerala,South India,Pathanamthitta,132,310,0,442,34,98,36,274,0,0,70,372
2019,Kerala,South India,Pathanamthitta,159,346,0,505,47,112,48,298,0,0,95,410
2020,Kerala,South India,Pathanamthitta,110,95,0,205,18,92,25,70,0,0,43,162
2021,Kerala,South India,Pathanamthitta,153,315,0,468,37,116,34,281,0,0,71,397
2022,Kerala,South India,Pathanamthitta,156,382,0,538,38,118,40,342,0,0,78,460
2018,Kerala,South India,Railways,21,4,0,25,0,21,0,4,0,0,0,25
2019,Kerala,South India,Railways,18,4,0,22,1,17,0,4,0,0,1,21
2020,Kerala,South India,Railways,15,0,0,15,1,14,0,0,0,0,1,14
2021,Kerala,South India,Railways,7,0,0,7,1,6,0,0,0,0,1,6
2022,Kerala,South India,Railways,18,4,0,22,2,16,0,4,0,0,2,20
2018,Kerala,South India,Thrissur Commr.,268,509,0,777,63,205,80,429,0,0,143,634
2019,Kerala,South India,Thrissur Commr.,292,474,0,766,69,223,64,410,0,0,133,633
2020,Kerala,South India,Thrissur Commr.,151,312,0,463,31,120,54,258,0,0,85,378
2021,Kerala,South India,Thrissur Commr.,159,345,0,504,28,131,59,286,0,0,87,417
2018,Kerala,South India,Thrissur Rural,198,413,0,611,47,151,66,347,0,0,113,498
2019,Kerala,South India,Thrissur Rural,223,404,0,627,56,167,39,365,0,0,95,532
2020,Kerala,South India,Thrissur Rural,145,757,0,902,17,128,251,506,0,0,268,634
2021,Kerala,South India,Thrissur Rural,174,302,0,476,28,146,40,262,0,0,68,408
2022,Kerala,South India,Thrissur Rural,234,289,0,523,24,210,36,253,0,0,60,463
2018,Kerala,South India,Total,3896,7839,46,11781,910,2986,1067,6772,14,32,1991,9790
2019,Kerala,South India,Total,4387,8843,3,13233,1129,3258,1053,7790,1,2,2183,11050
2020,Kerala,South India,Total Districts ,2774,6395,14,9183,616,2158,885,5510,4,10,1505,7678
2021,Kerala,South India,Total Districts ,3202,6183,51,9436,710,2492,899,5284,0,51,1609,7827
2022,Kerala,South India,Total Districts ,4193,6525,0,10718,834,3359,966,5559,0,0,1800,8918
2018,Kerala,South India,Trivandrum Commr.,166,373,0,539,37,129,67,306,0,0,104,435
2019,Kerala,South India,Trivandrum Commr.,265,499,0,764,75,190,60,439,0,0,135,629
2020,Kerala,South India,Trivandrum Commr.,148,405,0,553,17,131,29,376,0,0,46,507
2021,Kerala,South India,Trivandrum Commr.,173,246,6,425,36,137,40,206,0,6,76,349
2022,Kerala,South India,Trivandrum Commr.,167,263,0,430,21,146,34,229,0,0,55,375
2018,Kerala,South India,Trivandrum Rural,369,888,0,1257,92,277,98,790,0,0,190,1067
2019,Kerala,South India,Trivandrum Rural,367,959,0,1326,116,251,128,831,0,0,244,1082
2020,Kerala,South India,Trivandrum Rural,264,427,13,704,79,185,58,369,3,10,140,564
2021,Kerala,South India,Trivandrum Rural,252,501,0,753,45,207,60,441,0,0,105,648
2022,Kerala,South India,Trivandrum Rural,342,677,0,1019,63,279,104,573,0,0,167,852
2018,Kerala,South India,Wayanadu,58,115,0,173,9,49,29,86,0,0,38,135
2019,Kerala,South India,Wayanadu,81,181,3,265,31,50,35,146,1,2,67,198
2020,Kerala,South India,Wayanadu,71,137,0,208,18,53,23,114,0,0,41,167
2021,Kerala,South India,Wayanadu,60,129,0,189,17,43,28,101,0,0,45,144
2022,Kerala,South India,Wayanadu,121,162,0,283,19,102,34,128,0,0,53,230
2020,Ladakh,North India,Kargil,5,5,0,10,0,5,1,4,0,0,1,9
2021,Ladakh,North India,Kargil,6,4,0,10,0,6,0,4,0,0,0,10
2022,Ladakh,North India,Kargil,5,2,0,7,0,5,0,2,0,0,0,7
2020,Ladakh,North India,Leh,7,3,0,10,0,7,0,3,0,0,0,10
2021,Ladakh,North India,Leh,13,1,0,14,0,13,0,1,0,0,0,14
2022,Ladakh,North India,Leh,11,5,0,16,0,11,0,5,0,0,0,16
2020,Ladakh,North India,Total Districts ,12,8,0,20,0,12,1,7,0,0,1,19
2021,Ladakh,North India,Total Districts ,19,5,0,24,0,19,0,5,0,0,0,24
2022,Ladakh,North India,Total Districts ,16,7,0,23,0,16,0,7,0,0,0,23
2018,Lakshadweep,South India,Lakshadweep,4,0,0,4,0,4,0,0,0,0,0,4
2019,Lakshadweep,South India,Lakshadweep,1,0,0,1,0,1,0,0,0,0,0,1
2020,Lakshadweep,South India,Lakshadweep,0,0,0,0,0,0,0,0,0,0,0,0
2021,Lakshadweep,South India,Lakshadweep,0,0,0,0,0,0,0,0,0,0,0,0
2022,Lakshadweep,South India,Lakshadweep,0,0,0,0,0,0,0,0,0,0,0,0
2018,Lakshadweep,South India,Total,4,0,0,4,0,4,0,0,0,0,0,4
2019,Lakshadweep,South India,Total,1,0,0,1,0,1,0,0,0,0,0,1
2020,Lakshadweep,South India,Total Districts ,0,0,0,0,0,0,0,0,0,0,0,0
2021,Lakshadweep,South India,Total Districts ,0,0,0,0,0,0,0,0,0,0,0,0
2022,Lakshadweep,South India,Total Districts ,0,0,0,0,0,0,0,0,0,0,0,0
2018,Madhya Pradesh,North India,Agar,47,130,0,177,7,40,28,102,0,0,35,142
2019,Madhya Pradesh,North India,Agar,48,224,0,272,7,41,19,205,0,0,26,246
2020,Madhya Pradesh,North India,Agar,61,163,0,224,5,56,32,131,0,0,37,187
2021,Madhya Pradesh,North India,Agar,59,190,0,249,6,53,36,154,0,0,42,207
2022,Madhya Pradesh,North India,Agar,88,219,0,307,9,79,38,181,0,0,47,260
2018,Madhya Pradesh,North India,Alirajpur,33,333,0,366,7,26,75,258,0,0,82,284
2019,Madhya Pradesh,North India,Alirajpur,47,426,0,473,2,45,100,326,0,0,102,371
2020,Madhya Pradesh,North India,Alirajpur,53,375,0,428,4,49,91,284,0,0,95,333
2021,Madhya Pradesh,North India,Alirajpur,61,446,0,507,5,56,102,344,0,0,107,400
2022,Madhya Pradesh,North India,Alirajpur,44,382,0,426,3,41,64,318,0,0,67,359
2018,Madhya Pradesh,North India,Anuppur,88,385,0,473,21,67,118,267,0,0,139,334
2019,Madhya Pradesh,North India,Anuppur,132,409,0,541,30,102,117,292,0,0,147,394
2020,Madhya Pradesh,North India,Anuppur,104,298,0,402,10,94,93,205,0,0,103,299
2021,Madhya Pradesh,North India,Anuppur,129,378,0,507,16,113,105,273,0,0,121,386
2022,Madhya Pradesh,North India,Anuppur,171,486,0,657,35,136,137,349,0,0,172,485
2018,Madhya Pradesh,North India,Ashok Nagar,103,256,0,359,24,79,103,153,0,0,127,232
2019,Madhya Pradesh,North India,Ashok Nagar,123,297,0,420,29,94,84,213,0,0,113,307
2020,Madhya Pradesh,North India,Ashok Nagar,118,306,0,424,18,100,107,199,0,0,125,299
2021,Madhya Pradesh,North India,Ashok Nagar,140,376,0,516,19,121,102,274,0,0,121,395
2022,Madhya Pradesh,North India,Ashok Nagar,171,386,0,557,34,137,88,298,0,0,122,435
2018,Madhya Pradesh,North India,Balaghat,245,716,0,961,30,215,123,593,0,0,153,808
2019,Madhya Pradesh,North India,Balaghat,303,924,0,1227,28,275,196,728,0,0,224,1003
2020,Madhya Pradesh,North India,Balaghat,254,736,0,990,17,237,157,579,0,0,174,816
2021,Madhya Pradesh,North India,Balaghat,312,962,0,1274,22,290,202,760,0,0,224,1050
2022,Madhya Pradesh,North India,Balaghat,344,1064,0,1408,23,321,215,849,0,0,238,1170
2018,Madhya Pradesh,North India,Barwani,99,329,0,428,12,87,56,273,0,0,68,360
2019,Madhya Pradesh,North India,Barwani,121,408,0,529,23,98,86,322,0,0,109,420
2020,Madhya Pradesh,North India,Barwani,98,434,0,532,10,88,118,316,0,0,128,404
2021,Madhya Pradesh,North India,Barwani,123,605,0,728,4,119,144,461,0,0,148,580
2022,Madhya Pradesh,North India,Barwani,159,674,0,833,10,149,157,517,0,0,167,666
2018,Madhya Pradesh,North India,Betul,337,879,0,1216,60,277,223,656,0,0,283,933
2019,Madhya Pradesh,North India,Betul,278,910,0,1188,37,241,234,676,0,0,271,917
2020,Madhya Pradesh,North India,Betul,248,841,0,1089,36,212,170,671,0,0,206,883
2021,Madhya Pradesh,North India,Betul,243,863,0,1106,10,233,128,735,0,0,138,968
2022,Madhya Pradesh,North India,Betul,295,1005,0,1300,29,266,169,836,0,0,198,1102
2018,Madhya Pradesh,North India,Bhind,138,264,0,402,52,86,81,183,0,0,133,269
2019,Madhya Pradesh,North India,Bhind,144,246,0,390,42,102,92,154,0,0,134,256
2020,Madhya Pradesh,North India,Bhind,120,215,0,335,38,82,79,136,0,0,117,218
2021,Madhya Pradesh,North India,Bhind,113,237,0,350,28,85,105,132,0,0,133,217
2022,Madhya Pradesh,North India,Bhind,29,95,0,124,29,0,95,0,0,0,124,0
2018,Madhya Pradesh,North India,Bhopal,956,1353,0,2309,204,752,283,1070,0,0,487,1822
2019,Madhya Pradesh,North India,Bhopal,517,928,0,1445,135,382,277,651,0,0,412,1033
2020,Madhya Pradesh,North India,Bhopal,107,279,0,386,102,5,277,2,0,0,379,7
2021,Madhya Pradesh,North India,Bhopal,179,392,0,571,172,7,384,8,0,0,556,15
2022,Madhya Pradesh,North India,Bhopal,238,547,0,785,187,51,450,97,0,0,637,148
2022,Madhya Pradesh,North India,Bhopal Commissionarate,172,401,0,573,168,4,393,8,0,0,561,12
2018,Madhya Pradesh,North India,Bhopal Railway,69,65,0,134,8,61,14,51,0,0,22,112
2019,Madhya Pradesh,North India,Bhopal Railway,57,71,0,128,7,50,16,55,0,0,23,105
2020,Madhya Pradesh,North India,Bhopal Railway,24,22,0,46,7,17,5,17,0,0,12,34
2021,Madhya Pradesh,North India,Bhopal Railway,22,29,0,51,2,20,0,29,0,0,2,49
2022,Madhya Pradesh,North India,Bhopal Railway,49,44,0,93,3,46,6,38,0,0,9,84
2022,Madhya Pradesh,North India,Bhopal Rural,17,102,0,119,16,1,51,51,0,0,67,52
2018,Madhya Pradesh,North India,Burhanpur,95,166,0,261,11,84,43,123,0,0,54,207
2019,Madhya Pradesh,North India,Burhanpur,102,241,0,343,13,89,56,185,0,0,69,274
2020,Madhya Pradesh,North India,Burhanpur,84,198,0,282,5,79,51,147,0,0,56,226
2021,Madhya Pradesh,North India,Burhanpur,104,263,0,367,20,84,63,200,0,0,83,284
2022,Madhya Pradesh,North India,Burhanpur,157,323,0,480,22,135,89,234,0,0,111,369
2018,Madhya Pradesh,North India,Chhatarpur,227,546,0,773,64,163,184,362,0,0,248,525
2019,Madhya Pradesh,North India,Chhatarpur,229,647,0,876,54,175,197,450,0,0,251,625
2020,Madhya Pradesh,North India,Chhatarpur,151,463,0,614,34,117,153,310,0,0,187,427
2021,Madhya Pradesh,North India,Chhatarpur,251,679,0,930,47,204,196,483,0,0,243,687
2022,Madhya Pradesh,North India,Chhatarpur,331,758,0,1089,60,271,194,564,0,0,254,835
2018,Madhya Pradesh,North India,Chhindwara,32,94,0,126,8,24,21,73,0,0,29,97
2019,Madhya Pradesh,North India,Chhindwara,423,1195,0,1618,30,393,249,946,0,0,279,1339
2020,Madhya Pradesh,North India,Chhindwara,323,943,0,1266,15,308,124,819,0,0,139,1127
2021,Madhya Pradesh,North India,Chhindwara,355,1116,0,1471,15,340,133,983,0,0,148,1323
2022,Madhya Pradesh,North India,Chhindwara,422,1193,0,1615,15,407,75,1118,0,0,90,1525
2018,Madhya Pradesh,North India,Cyber Crime Cell,0,0,0,0,0,0,0,0,0,0,0,0
2019,Madhya Pradesh,North India,Cyber Crime Cell,0,0,0,0,0,0,0,0,0,0,0,0
2020,Madhya Pradesh,North India,Cyber Crime Cell,0,0,0,0,0,0,0,0,0,0,0,0
2021,Madhya Pradesh,North India,Cyber Crime Cell,0,0,0,0,0,0,0,0,0,0,0,0
2022,Madhya Pradesh,North India,Cyber Crime Cell,0,0,0,0,0,0,0,0,0,0,0,0
2018,Madhya Pradesh,North India,Damoh,185,452,0,637,35,150,112,340,0,0,147,490
2019,Madhya Pradesh,North India,Damoh,293,930,0,1223,31,262,206,724,0,0,237,986
2020,Madhya Pradesh,North India,Damoh,209,494,0,703,21,188,145,349,0,0,166,537
2021,Madhya Pradesh,North India,Damoh,275,279,0,554,29,246,137,142,0,0,166,388
2022,Madhya Pradesh,North India,Damoh,31,143,0,174,31,0,143,0,0,0,174,0
2018,Madhya Pradesh,North India,Datia,83,189,3,275,14,69,45,144,0,3,59,216
2019,Madhya Pradesh,North India,Datia,125,221,0,346,23,102,41,180,0,0,64,282
2020,Madhya Pradesh,North India,Datia,107,179,0,286,14,93,44,135,0,0,58,228
2021,Madhya Pradesh,North India,Datia,110,221,0,331,10,100,44,177,0,0,54,277
2022,Madhya Pradesh,North India,Datia,139,270,0,409,18,121,61,209,0,0,79,330
2018,Madhya Pradesh,North India,Dewas,33,98,0,131,32,1,98,0,0,0,130,1
2019,Madhya Pradesh,North India,Dewas,273,778,0,1051,45,228,184,594,0,0,229,822
2020,Madhya Pradesh,North India,Dewas,199,807,0,1006,16,183,188,619,0,0,204,802
2021,Madhya Pradesh,North India,Dewas,147,835,0,982,22,125,245,590,0,0,267,715
2022,Madhya Pradesh,North India,Dewas,0,0,0,0,0,0,0,0,0,0,0,0
2018,Madhya Pradesh,North India,Dhar,274,1176,0,1450,40,234,319,857,0,0,359,1091
2019,Madhya Pradesh,North India,Dhar,316,1364,0,1680,38,278,354,1010,0,0,392,1288
2020,Madhya Pradesh,North India,Dhar,260,1257,0,1517,34,226,334,923,0,0,368,1149
2021,Madhya Pradesh,North India,Dhar,342,1702,0,2044,31,311,484,1218,0,0,515,1529
2022,Madhya Pradesh,North India,Dhar,405,1811,0,2216,48,357,514,1297,0,0,562,1654
2018,Madhya Pradesh,North India,Dindori,65,236,0,301,13,52,70,166,0,0,83,218
2019,Madhya Pradesh,North India,Dindori,53,291,0,344,17,36,98,193,0,0,115,229
2020,Madhya Pradesh,North India,Dindori,52,270,0,322,15,37,84,186,0,0,99,223
2021,Madhya Pradesh,North India,Dindori,55,322,0,377,10,45,114,208,0,0,124,253
2022,Madhya Pradesh,North India,Dindori,73,383,0,456,11,62,105,278,0,0,116,340
2018,Madhya Pradesh,North India,Guna,158,439,0,597,29,129,119,320,0,0,148,449
2019,Madhya Pradesh,North India,Guna,210,511,0,721,39,171,132,379,0,0,171,550
2020,Madhya Pradesh,North India,Guna,169,487,0,656,20,149,161,326,0,0,181,475
2021,Madhya Pradesh,North India,Guna,223,525,0,748,18,205,126,399,0,0,144,604
2022,Madhya Pradesh,North India,Guna,250,421,0,671,19,231,110,311,0,0,129,542
2018,Madhya Pradesh,North India,Gwalior,778,992,0,1770,153,625,216,776,0,0,369,1401
2019,Madhya Pradesh,North India,Gwalior,738,1092,0,1830,149,589,256,836,0,0,405,1425
2020,Madhya Pradesh,North India,Gwalior,564,951,0,1515,96,468,205,746,0,0,301,1214
2021,Madhya Pradesh,North India,Gwalior,683,1224,0,1907,120,563,251,973,0,0,371,1536
2022,Madhya Pradesh,North India,Gwalior,805,1236,0,2041,113,692,265,971,0,0,378,1663
2018,Madhya Pradesh,North India,Harda,190,521,0,711,44,146,139,382,0,0,183,528
2019,Madhya Pradesh,North India,Harda,92,379,0,471,22,70,78,301,0,0,100,371
2020,Madhya Pradesh,North India,Harda,99,330,0,429,11,88,70,260,0,0,81,348
2021,Madhya Pradesh,North India,Harda,148,135,0,283,11,137,135,0,0,0,146,137
2022,Madhya Pradesh,North India,Harda,162,561,0,723,10,152,134,427,0,0,144,579
2018,Madhya Pradesh,North India,Hoshangabad,327,709,0,1036,52,275,164,545,0,0,216,820
2019,Madhya Pradesh,North India,Hoshangabad,453,752,0,1205,45,408,169,583,0,0,214,991
2020,Madhya Pradesh,North India,Hoshangabad,288,670,0,958,19,269,126,544,0,0,145,813
2021,Madhya Pradesh,North India,Hoshangabad,628,249,0,877,217,411,60,189,0,0,277,600
2018,Madhya Pradesh,North India,Indore,1246,2458,0,3704,230,1016,593,1865,0,0,823,2881
2019,Madhya Pradesh,North India,Indore,1608,2697,0,4305,226,1382,630,2067,0,0,856,3449
2020,Madhya Pradesh,North India,Indore,1227,2262,0,3489,148,1079,511,1751,0,0,659,2830
2021,Madhya Pradesh,North India,Indore,1417,4284,0,5701,188,1229,769,3515,0,0,957,4744
2022,Madhya Pradesh,North India,Indore,1460,2557,0,4017,166,1294,626,1931,0,0,792,3225
2018,Madhya Pradesh,North India,Indore Railway,9,19,0,28,1,8,1,18,0,0,2,26
2019,Madhya Pradesh,North India,Indore Railway,18,31,0,49,1,17,2,29,0,0,3,46
2020,Madhya Pradesh,North India,Indore Railway,2,5,0,7,0,2,1,4,0,0,1,6
2021,Madhya Pradesh,North India,Indore Railway,9,20,0,29,6,3,6,14,0,0,12,17
2022,Madhya Pradesh,North India,Indore Railway,17,32,0,49,4,13,5,27,0,0,9,40
2022,Madhya Pradesh,North India,Indore Rural,290,699,0,989,22,268,167,532,0,0,189,800
2018,Madhya Pradesh,North India,Jabalpur,983,1680,0,2663,150,833,367,1313,0,0,517,2146
2019,Madhya Pradesh,North India,Jabalpur,989,1824,0,2813,157,832,433,1391,0,0,590,2223
2020,Madhya Pradesh,North India,Jabalpur,752,1427,0,2179,82,670,333,1094,0,0,415,1764
2021,Madhya Pradesh,North India,Jabalpur,1035,1851,0,2886,115,920,402,1449,0,0,517,2369
2022,Madhya Pradesh,North India,Jabalpur,1086,1976,0,3062,151,935,461,1515,0,0,612,2450
2018,Madhya Pradesh,North India,Jabalpur Railway,33,57,0,90,2,31,6,51,0,0,8,82
2019,Madhya Pradesh,North India,Jabalpur Railway,29,30,0,59,2,27,9,21,0,0,11,48
2020,Madhya Pradesh,North India,Jabalpur Railway,7,10,0,17,0,7,1,9,0,0,1,16
2021,Madhya Pradesh,North India,Jabalpur Railway,21,12,0,33,1,20,1,11,0,0,2,31
2022,Madhya Pradesh,North India,Jabalpur Railway,32,34,0,66,2,30,3,31,0,0,5,61
2018,Madhya Pradesh,North India,Jhabua,82,605,0,687,18,64,198,407,0,0,216,471
2019,Madhya Pradesh,North India,Jhabua,86,446,0,532,10,76,73,373,0,0,83,449
2020,Madhya Pradesh,North India,Jhabua,52,334,0,386,0,52,70,264,0,0,70,316
2021,Madhya Pradesh,North India,Jhabua,67,455,0,522,7,60,97,358,0,0,104,418
2022,Madhya Pradesh,North India,Jhabua,110,674,0,784,8,102,185,489,0,0,193,591
2018,Madhya Pradesh,North India,Katni,252,652,0,904,60,192,168,484,0,0,228,676
2019,Madhya Pradesh,North India,Katni,200,579,0,779,26,174,87,492,0,0,113,666
2020,Madhya Pradesh,North India,Katni,204,539,0,743,26,178,129,410,0,0,155,588
2021,Madhya Pradesh,North India,Katni,290,757,0,1047,47,243,184,573,0,0,231,816
2022,Madhya Pradesh,North India,Katni,357,801,0,1158,60,297,211,590,0,0,271,887
2018,Madhya Pradesh,North India,Khandwa,165,646,0,811,18,147,150,496,0,0,168,643
2019,Madhya Pradesh,North India,Khandwa,158,556,0,714,16,142,141,404,0,0,157,557
2020,Madhya Pradesh,North India,Khandwa,394,1239,0,1633,60,334,211,1028,0,0,271,1362
2021,Madhya Pradesh,North India,Khandwa,17,185,0,202,17,0,185,0,0,0,202,0
2022,Madhya Pradesh,North India,Khandwa,294,1029,0,1323,24,270,211,818,0,0,235,1088
2018,Madhya Pradesh,North India,Khargone,250,867,0,1117,75,175,246,621,0,0,321,796
2019,Madhya Pradesh,North India,Khargone,220,993,0,1213,39,181,65,928,0,0,104,1109
2020,Madhya Pradesh,North India,Khargone,200,863,0,1063,33,167,284,579,0,0,317,746
2021,Madhya Pradesh,North India,Khargone,294,1178,0,1472,68,226,368,810,0,0,436,1036
2022,Madhya Pradesh,North India,Khargone,341,1211,0,1552,54,287,309,902,0,0,363,1189
2018,Madhya Pradesh,North India,Mandla,107,368,0,475,20,87,110,258,0,0,130,345
2019,Madhya Pradesh,North India,Mandla,144,453,0,597,18,126,82,371,0,0,100,497
2020,Madhya Pradesh,North India,Mandla,133,395,0,528,19,114,115,280,0,0,134,394
2021,Madhya Pradesh,North India,Mandla,174,545,0,719,20,154,149,396,0,0,169,550
2022,Madhya Pradesh,North India,Mandla,190,647,0,837,15,175,172,475,0,0,187,650
2018,Madhya Pradesh,North India,Mandsaur,227,552,0,779,28,199,110,442,0,0,138,641
2019,Madhya Pradesh,North India,Mandsaur,208,640,0,848,24,184,101,539,0,0,125,723
2020,Madhya Pradesh,North India,Mandsaur,193,548,0,741,22,171,85,463,0,0,107,634
2021,Madhya Pradesh,North India,Mandsaur,279,770,0,1049,26,253,154,616,0,0,180,869
2022,Madhya Pradesh,North India,Mandsaur,28,134,0,162,28,0,132,2,0,0,160,2
2018,Madhya Pradesh,North India,Morena,193,299,0,492,59,134,75,224,0,0,134,358
2019,Madhya Pradesh,North India,Morena,256,397,0,653,81,175,74,323,0,0,155,498
2020,Madhya Pradesh,North India,Morena,190,363,0,553,44,146,84,279,0,0,128,425
2021,Madhya Pradesh,North India,Morena,292,372,0,664,50,242,105,267,0,0,155,509
2022,Madhya Pradesh,North India,Morena,306,423,0,729,67,239,116,307,0,0,183,546
2022,Madhya Pradesh,North India,Narmadapuram,369,391,0,760,91,278,79,312,0,0,170,590
2018,Madhya Pradesh,North India,Narsinghpur,264,544,0,808,26,238,110,434,0,0,136,672
2019,Madhya Pradesh,North India,Narsinghpur,260,584,0,844,25,235,125,459,0,0,150,694
2020,Madhya Pradesh,North India,Narsinghpur,210,512,0,722,14,196,111,401,0,0,125,597
2021,Madhya Pradesh,North India,Narsinghpur,299,633,0,932,23,276,174,459,0,0,197,735
2022,Madhya Pradesh,North India,Narsinghpur,349,563,0,912,0,349,0,563,0,0,0,912
2018,Madhya Pradesh,North India,Neemuch,96,293,0,389,2,94,35,258,0,0,37,352
2019,Madhya Pradesh,North India,Neemuch,124,401,0,525,12,112,30,371,0,0,42,483
2020,Madhya Pradesh,North India,Neemuch,108,366,0,474,5,103,56,310,0,0,61,413
2021,Madhya Pradesh,North India,Neemuch,148,480,0,628,13,135,80,400,0,0,93,535
2022,Madhya Pradesh,North India,Neemuch,185,521,0,706,12,173,88,433,0,0,100,606
2019,Madhya Pradesh,North India,Niwari,52,108,0,160,10,42,15,93,0,0,25,135
2020,Madhya Pradesh,North India,Niwari,47,85,0,132,7,40,13,72,0,0,20,112
2021,Madhya Pradesh,North India,Niwari,58,142,0,200,10,48,29,113,0,0,39,161
2022,Madhya Pradesh,North India,Niwari,53,141,0,194,6,47,30,111,0,0,36,158
2018,Madhya Pradesh,North India,Panna,78,272,0,350,17,61,89,183,0,0,106,244
2019,Madhya Pradesh,North India,Panna,122,397,0,519,22,100,133,264,0,0,155,364
2020,Madhya Pradesh,North India,Panna,104,371,0,475,12,92,127,244,0,0,139,336
2021,Madhya Pradesh,North India,Panna,168,516,0,684,33,135,152,364,0,0,185,499
2022,Madhya Pradesh,North India,Panna,198,482,0,680,35,163,152,330,0,0,187,493
2018,Madhya Pradesh,North India,Raisen,268,654,0,922,51,217,199,455,0,0,250,672
2019,Madhya Pradesh,North India,Raisen,253,742,0,995,34,219,170,572,0,0,204,791
2020,Madhya Pradesh,North India,Raisen,182,744,0,926,23,159,184,560,0,0,207,719
2021,Madhya Pradesh,North India,Raisen,282,866,0,1148,31,251,230,636,0,0,261,887
2022,Madhya Pradesh,North India,Raisen,398,753,0,1151,60,338,219,534,0,0,279,872
2018,Madhya Pradesh,North India,Rajgarh,132,395,0,527,18,114,99,296,0,0,117,410
2019,Madhya Pradesh,North India,Rajgarh,162,575,0,737,24,138,138,437,0,0,162,575
2020,Madhya Pradesh,North India,Rajgarh,118,458,0,576,10,108,106,352,0,0,116,460
2021,Madhya Pradesh,North India,Rajgarh,156,542,0,698,17,139,140,402,0,0,157,541
2022,Madhya Pradesh,North India,Rajgarh,0,0,0,0,0,0,0,0,0,0,0,0
2018,Madhya Pradesh,North India,Ratlam,279,903,0,1182,23,256,211,692,0,0,234,948
2019,Madhya Pradesh,North India,Ratlam,295,1032,0,1327,38,257,621,411,0,0,659,668
2020,Madhya Pradesh,North India,Ratlam,231,876,0,1107,17,214,215,661,0,0,232,875
2021,Madhya Pradesh,North India,Ratlam,310,1185,0,1495,24,286,276,909,0,0,300,1195
2022,Madhya Pradesh,North India,Ratlam,398,1260,0,1658,37,361,309,951,0,0,346,1312
2018,Madhya Pradesh,North India,Rewa,101,272,0,373,12,89,140,132,0,0,152,221
2019,Madhya Pradesh,North India,Rewa,146,267,0,413,142,4,266,1,0,0,408,5
2020,Madhya Pradesh,North India,Rewa,81,227,0,308,50,31,116,111,0,0,166,142
2021,Madhya Pradesh,North India,Rewa,146,284,0,430,138,8,280,4,0,0,418,12
2022,Madhya Pradesh,North India,Rewa,144,377,0,521,134,10,377,0,0,0,511,10
2018,Madhya Pradesh,North India,Sagar,505,1093,0,1598,98,407,297,796,0,0,395,1203
2019,Madhya Pradesh,North India,Sagar,539,1235,0,1774,114,425,345,890,0,0,459,1315
2020,Madhya Pradesh,North India,Sagar,494,1124,0,1618,76,418,304,820,0,0,380,1238
2021,Madhya Pradesh,North India,Sagar,609,1368,0,1977,81,528,311,1057,0,0,392,1585
2022,Madhya Pradesh,North India,Sagar,855,1595,0,2450,93,762,383,1212,0,0,476,1974
2018,Madhya Pradesh,North India,Satna,723,1838,0,2561,162,561,402,1436,0,0,564,1997
2019,Madhya Pradesh,North India,Satna,431,1041,0,1472,120,311,294,747,0,0,414,1058
2020,Madhya Pradesh,North India,Satna,392,846,0,1238,82,310,197,649,0,0,279,959
2021,Madhya Pradesh,North India,Satna,435,889,0,1324,125,310,240,649,0,0,365,959
2022,Madhya Pradesh,North India,Satna,558,1220,0,1778,124,434,305,915,0,0,429,1349
2018,Madhya Pradesh,North India,Sehore,234,492,0,726,45,189,121,371,0,0,166,560
2019,Madhya Pradesh,North India,Sehore,235,690,0,925,47,188,190,500,0,0,237,688
2020,Madhya Pradesh,North India,Sehore,205,482,0,687,25,180,78,404,0,0,103,584
2021,Madhya Pradesh,North India,Sehore,189,597,0,786,12,177,112,485,0,0,124,662
2022,Madhya Pradesh,North India,Sehore,315,754,0,1069,30,285,151,603,0,0,181,888
2018,Madhya Pradesh,North India,Seoni,178,601,0,779,22,156,149,452,0,0,171,608
2019,Madhya Pradesh,North India,Seoni,188,603,0,791,23,165,165,438,0,0,188,603
2020,Madhya Pradesh,North India,Seoni,239,614,0,853,22,217,135,479,0,0,157,696
2021,Madhya Pradesh,North India,Seoni,259,749,0,1008,28,231,161,588,0,0,189,819
2022,Madhya Pradesh,North India,Seoni,323,867,0,1190,32,291,192,675,0,0,224,966
2018,Madhya Pradesh,North India,Shahdol,216,536,0,752,66,150,157,379,0,0,223,529
2019,Madhya Pradesh,North India,Shahdol,222,597,0,819,51,171,139,458,0,0,190,629
2020,Madhya Pradesh,North India,Shahdol,288,902,0,1190,30,258,130,772,0,0,160,1030
2021,Madhya Pradesh,North India,Shahdol,265,630,0,895,65,200,194,436,0,0,259,636
2022,Madhya Pradesh,North India,Shahdol,308,619,0,927,54,254,172,447,0,0,226,701
2018,Madhya Pradesh,North India,Shajapur,98,297,0,395,13,85,63,234,0,0,76,319
2019,Madhya Pradesh,North India,Shajapur,105,296,0,401,19,86,63,233,0,0,82,319
2020,Madhya Pradesh,North India,Shajapur,73,290,0,363,9,64,83,207,0,0,92,271
2021,Madhya Pradesh,North India,Shajapur,121,369,0,490,19,102,88,281,0,0,107,383
2022,Madhya Pradesh,North India,Shajapur,137,410,0,547,22,115,73,337,0,0,95,452
2018,Madhya Pradesh,North India,Sheopur,48,91,0,139,18,30,19,72,0,0,37,102
2019,Madhya Pradesh,North India,Sheopur,42,124,0,166,11,31,20,104,0,0,31,135
2020,Madhya Pradesh,North India,Sheopur,43,125,0,168,3,40,23,102,0,0,26,142
2021,Madhya Pradesh,North India,Sheopur,47,109,0,156,12,35,15,94,0,0,27,129
2022,Madhya Pradesh,North India,Sheopur,65,157,0,222,12,53,28,129,0,0,40,182
2018,Madhya Pradesh,North India,Shivpuri,174,409,0,583,45,129,108,301,0,0,153,430
2019,Madhya Pradesh,North India,Shivpuri,184,503,0,687,42,142,140,363,0,0,182,505
2020,Madhya Pradesh,North India,Shivpuri,149,501,0,650,25,124,135,366,0,0,160,490
2021,Madhya Pradesh,North India,Shivpuri,236,611,0,847,22,214,191,420,0,0,213,634
2022,Madhya Pradesh,North India,Shivpuri,279,668,0,947,59,220,177,491,0,0,236,711
2018,Madhya Pradesh,North India,Sidhi,110,382,0,492,53,57,120,262,0,0,173,319
2019,Madhya Pradesh,North India,Sidhi,135,419,0,554,52,83,148,271,0,0,200,354
2020,Madhya Pradesh,North India,Sidhi,118,380,0,498,31,87,116,264,0,0,147,351
2021,Madhya Pradesh,North India,Sidhi,147,491,0,638,38,109,130,361,0,0,168,470
2022,Madhya Pradesh,North India,Sidhi,0,0,0,0,0,0,0,0,0,0,0,0
2018,Madhya Pradesh,North India,Singrauli,105,235,0,340,25,80,66,169,0,0,91,249
2019,Madhya Pradesh,North India,Singrauli,109,313,0,422,33,76,107,206,0,0,140,282
2020,Madhya Pradesh,North India,Singrauli,128,281,0,409,31,97,89,192,0,0,120,289
2021,Madhya Pradesh,North India,Singrauli,112,356,0,468,26,86,107,249,0,0,133,335
2022,Madhya Pradesh,North India,Singrauli,152,408,0,560,26,126,128,280,0,0,154,406
2018,Madhya Pradesh,North India,Tikamgarh,113,360,0,473,39,74,163,197,0,0,202,271
2019,Madhya Pradesh,North India,Tikamgarh,100,346,0,446,33,67,113,233,0,0,146,300
2020,Madhya Pradesh,North India,Tikamgarh,70,190,0,260,4,66,16,174,0,0,20,240
2021,Madhya Pradesh,North India,Tikamgarh,68,299,0,367,21,47,117,182,0,0,138,229
2022,Madhya Pradesh,North India,Tikamgarh,77,252,0,329,16,61,116,136,0,0,132,197
2018,Madhya Pradesh,North India,Total,12601,29761,3,42365,2464,10137,7574,22187,0,3,10038,32327
2019,Madhya Pradesh,North India,Total,13559,33893,0,47452,2450,11109,8572,25321,0,0,11022,36430
2020,Madhya Pradesh,North India,Total Districts ,10895,29588,0,40483,1521,9374,7230,22358,0,0,8751,31732
2021,Madhya Pradesh,North India,Total Districts ,13419,35638,0,49057,2200,11219,9407,26231,0,0,11607,37450
2022,Madhya Pradesh,North India,Total Districts ,14918,35426,0,50344,2286,12632,9066,26360,0,0,11352,38992
2018,Madhya Pradesh,North India,Ujjain,421,847,0,1268,66,355,169,678,0,0,235,1033
2019,Madhya Pradesh,North India,Ujjain,477,935,0,1412,70,407,190,745,0,0,260,1152
2020,Madhya Pradesh,North India,Ujjain,288,780,0,1068,25,263,156,624,0,0,181,887
2021,Madhya Pradesh,North India,Ujjain,447,1276,0,1723,37,410,382,894,0,0,419,1304
2022,Madhya Pradesh,North India,Ujjain,448,934,0,1382,59,389,131,803,0,0,190,1192
2018,Madhya Pradesh,North India,Umaria,82,215,0,297,19,63,63,152,0,0,82,215
2019,Madhya Pradesh,North India,Umaria,82,222,0,304,23,59,69,153,0,0,92,212
2020,Madhya Pradesh,North India,Umaria,69,202,0,271,8,61,46,156,0,0,54,217
2021,Madhya Pradesh,North India,Umaria,15,77,0,92,15,0,77,0,0,0,92,0
2022,Madhya Pradesh,North India,Umaria,19,52,0,71,19,0,48,4,0,0,67,4
2018,Madhya Pradesh,North India,Vidisha,267,501,0,768,63,204,136,365,0,0,199,569
2019,Madhya Pradesh,North India,Vidisha,303,573,0,876,59,244,153,420,0,0,212,664
2020,Madhya Pradesh,North India,Vidisha,212,529,0,741,31,181,156,373,0,0,187,554
2021,Madhya Pradesh,North India,Vidisha,305,712,0,1017,31,274,205,507,0,0,236,781
2022,Madhya Pradesh,North India,Vidisha,463,828,0,1291,58,405,207,621,0,0,265,1026
2018,Maharashtra,West Coast,Ahmednagar,806,1247,0,2053,66,740,54,1193,0,0,120,1933
2019,Maharashtra,West Coast,Ahmednagar,1003,1427,0,2430,102,901,77,1350,0,0,179,2251
2020,Maharashtra,West Coast,Ahmednagar,756,1271,0,2027,62,694,114,1157,0,0,176,1851
2021,Maharashtra,West Coast,Ahmednagar,1105,1715,0,2820,122,983,107,1608,0,0,229,2591
2022,Maharashtra,West Coast,Ahmednagar,1139,1770,0,2909,86,1053,104,1666,0,0,190,2719
2018,Maharashtra,West Coast,Akola,305,403,0,708,16,289,21,382,0,0,37,671
2019,Maharashtra,West Coast,Akola,334,425,0,759,1,333,2,423,0,0,3,756
2020,Maharashtra,West Coast,Akola,224,433,0,657,12,212,24,409,0,0,36,621
2021,Maharashtra,West Coast,Akola,322,533,0,855,21,301,28,505,0,0,49,806
2022,Maharashtra,West Coast,Akola,381,553,0,934,0,381,0,553,0,0,0,934
2018,Maharashtra,West Coast,Amravati Commr.,315,334,0,649,0,315,0,334,0,0,0,649
2019,Maharashtra,West Coast,Amravati Commr.,343,399,0,742,1,342,0,399,0,0,1,741
2020,Maharashtra,West Coast,Amravati Commr.,239,323,0,562,0,239,0,323,0,0,0,562
2021,Maharashtra,West Coast,Amravati Commr.,265,391,0,656,0,265,0,391,0,0,0,656
2022,Maharashtra,West Coast,Amravati Commr.,335,450,0,785,0,335,0,450,0,0,0,785
2018,Maharashtra,West Coast,Amravati Rural,283,540,0,823,2,281,4,536,0,0,6,817
2019,Maharashtra,West Coast,Amravati Rural,291,652,0,943,0,291,0,652,0,0,0,943
2020,Maharashtra,West Coast,Amravati Rural,244,608,0,852,8,236,109,499,0,0,117,735
2021,Maharashtra,West Coast,Amravati Rural,8,164,0,172,7,1,162,2,0,0,169,3
2022,Maharashtra,West Coast,Amravati Rural,414,798,0,1212,10,404,16,782,0,0,26,1186
2018,Maharashtra,West Coast,Aurangabad Commr.,587,608,0,1195,0,587,1,607,0,0,1,1194
2019,Maharashtra,West Coast,Aurangabad Commr.,624,733,0,1357,33,591,30,703,0,0,63,1294
2020,Maharashtra,West Coast,Aurangabad Commr.,468,552,0,1020,57,411,31,521,0,0,88,932
2021,Maharashtra,West Coast,Aurangabad Commr.,633,753,0,1386,35,598,39,714,0,0,74,1312
2022,Maharashtra,West Coast,Aurangabad Commr.,754,836,0,1590,33,721,36,800,0,0,69,1521
2018,Maharashtra,West Coast,Aurangabad Railway,25,29,0,54,0,25,0,29,0,0,0,54
2019,Maharashtra,West Coast,Aurangabad Railway,32,21,0,53,0,32,0,21,0,0,0,53
2020,Maharashtra,West Coast,Aurangabad Railway,17,8,0,25,0,17,0,8,0,0,0,25
2021,Maharashtra,West Coast,Aurangabad Railway,11,11,0,22,0,11,0,11,0,0,0,22
2022,Maharashtra,West Coast,Aurangabad Railway,32,19,0,51,0,32,0,19,0,0,0,51
2018,Maharashtra,West Coast,Aurangabad Rural,144,155,0,299,3,141,0,155,0,0,3,296
2019,Maharashtra,West Coast,Aurangabad Rural,161,213,0,374,0,161,0,213,0,0,0,374
2020,Maharashtra,West Coast,Aurangabad Rural,199,338,0,537,7,192,28,310,0,0,35,502
2021,Maharashtra,West Coast,Aurangabad Rural,22,104,0,126,0,22,0,104,0,0,0,126
2022,Maharashtra,West Coast,Aurangabad Rural,428,484,0,912,0,428,0,484,0,0,0,912
2018,Maharashtra,West Coast,Beed,120,190,0,310,2,118,3,187,0,0,5,305
2019,Maharashtra,West Coast,Beed,224,312,0,536,21,203,20,292,0,0,41,495
2020,Maharashtra,West Coast,Beed,236,373,0,609,19,217,18,355,0,0,37,572
2021,Maharashtra,West Coast,Beed,299,453,0,752,7,292,16,437,0,0,23,729
2022,Maharashtra,West Coast,Beed,418,619,0,1037,27,391,94,525,0,0,121,916
2018,Maharashtra,West Coast,Bhandara,220,486,0,706,0,220,0,486,0,0,0,706
2019,Maharashtra,West Coast,Bhandara,295,648,0,943,32,263,82,566,0,0,114,829
2020,Maharashtra,West Coast,Bhandara,186,538,0,724,10,176,60,478,0,0,70,654
2021,Maharashtra,West Coast,Bhandara,223,526,0,749,6,217,60,466,0,0,66,683
2022,Maharashtra,West Coast,Bhandara,247,475,0,722,0,247,0,475,0,0,0,722
2018,Maharashtra,West Coast,Buldhana,319,388,0,707,36,283,72,316,0,0,108,599
2019,Maharashtra,West Coast,Buldhana,341,505,0,846,31,310,32,473,0,0,63,783
2020,Maharashtra,West Coast,Buldhana,272,476,0,748,48,224,48,428,0,0,96,652
2021,Maharashtra,West Coast,Buldhana,362,628,0,990,50,312,45,583,0,0,95,895
2022,Maharashtra,West Coast,Buldhana,493,703,0,1196,59,434,55,648,0,0,114,1082
2018,Maharashtra,West Coast,Chandrapur,513,793,0,1306,0,513,0,793,0,0,0,1306
2019,Maharashtra,West Coast,Chandrapur,597,919,0,1516,0,597,0,919,0,0,0,1516
2020,Maharashtra,West Coast,Chandrapur,366,719,0,1085,0,366,0,719,0,0,0,1085
2021,Maharashtra,West Coast,Chandrapur,507,908,0,1415,0,507,0,908,0,0,0,1415
2022,Maharashtra,West Coast,Chandrapur,620,997,0,1617,0,620,0,997,0,0,0,1617
2018,Maharashtra,West Coast,Dhule,280,382,0,662,4,276,0,382,0,0,4,658
2019,Maharashtra,West Coast,Dhule,306,465,0,771,7,299,23,442,0,0,30,741
2020,Maharashtra,West Coast,Dhule,228,359,0,587,27,201,91,268,0,0,118,469
2021,Maharashtra,West Coast,Dhule,398,359,0,757,201,197,3,356,0,0,204,553
2022,Maharashtra,West Coast,Dhule,381,596,0,977,0,381,0,596,0,0,0,977
2018,Maharashtra,West Coast,Gadchiroli,96,210,0,306,1,95,2,208,0,0,3,303
2019,Maharashtra,West Coast,Gadchiroli,106,245,0,351,1,105,2,243,0,0,3,348
2020,Maharashtra,West Coast,Gadchiroli,102,211,0,313,1,101,22,189,0,0,23,290
2021,Maharashtra,West Coast,Gadchiroli,134,265,0,399,11,123,37,228,0,0,48,351
2022,Maharashtra,West Coast,Gadchiroli,171,356,0,527,16,155,34,322,0,0,50,477
2018,Maharashtra,West Coast,Gondia,192,391,0,583,0,192,0,391,0,0,0,583
2019,Maharashtra,West Coast,Gondia,168,420,0,588,0,168,0,420,0,0,0,588
2020,Maharashtra,West Coast,Gondia,99,276,0,375,0,99,0,276,0,0,0,375
2021,Maharashtra,West Coast,Gondia,89,382,0,471,0,89,0,382,0,0,0,471
2022,Maharashtra,West Coast,Gondia,222,399,0,621,0,222,0,399,0,0,0,621
2018,Maharashtra,West Coast,Hingoli,82,104,0,186,0,82,1,103,0,0,1,185
2019,Maharashtra,West Coast,Hingoli,131,152,0,283,5,126,13,139,0,0,18,265
2020,Maharashtra,West Coast,Hingoli,95,122,0,217,4,91,12,110,0,0,16,201
2021,Maharashtra,West Coast,Hingoli,122,166,0,288,3,119,1,165,0,0,4,284
2022,Maharashtra,West Coast,Hingoli,186,175,0,361,0,186,0,175,0,0,0,361
2018,Maharashtra,West Coast,Jalgaon,605,831,0,1436,85,520,55,776,0,0,140,1296
2019,Maharashtra,West Coast,Jalgaon,667,991,0,1658,79,588,65,926,0,0,144,1514
2020,Maharashtra,West Coast,Jalgaon,561,986,0,1547,57,504,40,946,0,0,97,1450
2021,Maharashtra,West Coast,Jalgaon,796,1254,0,2050,90,706,85,1169,0,0,175,1875
2022,Maharashtra,West Coast,Jalgaon,873,1333,0,2206,92,781,91,1242,0,0,183,2023
2018,Maharashtra,West Coast,Jalna,87,137,0,224,0,87,0,137,0,0,0,224
2019,Maharashtra,West Coast,Jalna,18,48,0,66,0,18,0,48,0,0,0,66
2020,Maharashtra,West Coast,Jalna,17,52,0,69,0,17,24,28,0,0,24,45
2021,Maharashtra,West Coast,Jalna,17,46,0,63,11,6,46,0,0,0,57,6
2022,Maharashtra,West Coast,Jalna,264,50,0,314,0,264,0,50,0,0,0,314
2018,Maharashtra,West Coast,Kolhapur,696,1113,0,1809,74,622,137,976,0,0,211,1598
2019,Maharashtra,West Coast,Kolhapur,713,1278,0,1991,77,636,82,1196,0,0,159,1832
2020,Maharashtra,West Coast,Kolhapur,424,1104,0,1528,40,384,35,1069,0,0,75,1453
2021,Maharashtra,West Coast,Kolhapur,752,1412,0,2164,17,735,17,1395,0,0,34,2130
2022,Maharashtra,West Coast,Kolhapur,811,1502,0,2313,47,764,50,1452,0,0,97,2216
2018,Maharashtra,West Coast,Latur,204,396,0,600,0,204,29,367,0,0,29,571
2019,Maharashtra,West Coast,Latur,239,437,0,676,0,239,0,437,0,0,0,676
2020,Maharashtra,West Coast,Latur,180,304,0,484,0,180,0,304,0,0,0,484
2021,Maharashtra,West Coast,Latur,246,435,0,681,0,246,0,435,0,0,0,681
2022,Maharashtra,West Coast,Latur,303,455,0,758,0,303,0,455,0,0,0,758
2020,Maharashtra,West Coast,Mira Bhayandar Vasai Virar Commr.,609,943,0,1552,41,568,89,854,0,0,130,1422
2021,Maharashtra,West Coast,Mira Bhayandar Vasai Virar Commr.,860,1183,0,2043,70,790,64,1119,0,0,134,1909
2022,Maharashtra,West Coast,Mira Bhayandar Vasai Virar Commr.,1092,1310,0,2402,95,997,120,1190,0,0,215,2187
2018,Maharashtra,West Coast,Mumbai Commr.,4783,5201,0,9984,4,4779,1,5200,0,0,5,9979
2019,Maharashtra,West Coast,Mumbai Commr.,5167,6295,0,11462,666,4501,1376,4919,0,0,2042,9420
2020,Maharashtra,West Coast,Mumbai Commr.,3140,4300,0,7440,334,2806,791,3509,0,0,1125,6315
2021,Maharashtra,West Coast,Mumbai Commr.,3786,5268,4,9058,449,3337,1148,4120,0,4,1597,7461
2022,Maharashtra,West Coast,Mumbai Commr.,4350,4614,0,8964,172,4178,177,4437,0,0,349,8615
2018,Maharashtra,West Coast,Mumbai Railway,130,88,0,218,3,127,3,85,0,0,6,212
2019,Maharashtra,West Coast,Mumbai Railway,96,90,0,186,3,93,6,84,0,0,9,177
2020,Maharashtra,West Coast,Mumbai Railway,49,25,0,74,5,44,4,21,0,0,9,65
2021,Maharashtra,West Coast,Mumbai Railway,39,49,0,88,10,29,7,42,0,0,17,71
2022,Maharashtra,West Coast,Mumbai Railway,91,64,0,155,5,86,5,59,0,0,10,145
2018,Maharashtra,West Coast,Nagpur Commr.,1453,1645,0,3098,0,1453,0,1645,0,0,0,3098
2019,Maharashtra,West Coast,Nagpur Commr.,1616,1994,0,3610,29,1587,121,1873,0,0,150,3460
2020,Maharashtra,West Coast,Nagpur Commr.,1083,1477,0,2560,23,1060,59,1418,0,0,82,2478
2021,Maharashtra,West Coast,Nagpur Commr.,1385,1654,0,3039,28,1357,6,1648,0,0,34,3005
2022,Maharashtra,West Coast,Nagpur Commr.,1524,1548,0,3072,1,1523,2,1546,0,0,3,3069
2018,Maharashtra,West Coast,Nagpur Railway,26,14,0,40,0,26,0,14,0,0,0,40
2019,Maharashtra,West Coast,Nagpur Railway,22,21,0,43,0,22,0,21,0,0,0,43
2020,Maharashtra,West Coast,Nagpur Railway,7,5,0,12,2,5,0,5,0,0,2,10
2021,Maharashtra,West Coast,Nagpur Railway,11,8,0,19,0,11,0,8,0,0,0,19
2022,Maharashtra,West Coast,Nagpur Railway,20,14,0,34,0,20,0,14,0,0,0,34
2018,Maharashtra,West Coast,Nagpur Rural,400,613,0,1013,2,398,0,613,0,0,2,1011
2019,Maharashtra,West Coast,Nagpur Rural,454,669,0,1123,0,454,0,669,0,0,0,1123
2020,Maharashtra,West Coast,Nagpur Rural,328,720,0,1048,0,328,0,720,0,0,0,1048
2021,Maharashtra,West Coast,Nagpur Rural,395,771,0,1166,0,395,0,771,0,0,0,1166
2022,Maharashtra,West Coast,Nagpur Rural,463,843,0,1306,0,463,0,843,0,0,0,1306
2018,Maharashtra,West Coast,Nanded,297,345,0,642,0,297,0,345,0,0,0,642
2019,Maharashtra,West Coast,Nanded,363,454,0,817,9,354,10,444,0,0,19,798
2020,Maharashtra,West Coast,Nanded,282,431,0,713,23,259,34,397,0,0,57,656
2021,Maharashtra,West Coast,Nanded,393,495,0,888,25,368,16,479,0,0,41,847
2022,Maharashtra,West Coast,Nanded,549,572,0,1121,41,508,37,535,0,0,78,1043
2018,Maharashtra,West Coast,Nandurbar,123,171,0,294,18,105,1,170,0,0,19,275
2019,Maharashtra,West Coast,Nandurbar,164,272,0,436,10,154,21,251,0,0,31,405
2020,Maharashtra,West Coast,Nandurbar,101,238,0,339,1,100,1,237,0,0,2,337
2021,Maharashtra,West Coast,Nandurbar,146,305,0,451,15,131,13,292,0,0,28,423
2022,Maharashtra,West Coast,Nandurbar,181,335,0,516,11,170,15,320,0,0,26,490
2018,Maharashtra,West Coast,Nasik Commr.,687,862,0,1549,1,686,1,861,0,0,2,1547
2019,Maharashtra,West Coast,Nasik Commr.,773,1002,0,1775,559,214,47,955,0,0,606,1169
2020,Maharashtra,West Coast,Nasik Commr.,575,825,1,1401,34,541,24,801,0,1,58,1343
2021,Maharashtra,West Coast,Nasik Commr.,567,851,0,1418,0,567,0,851,0,0,0,1418
2022,Maharashtra,West Coast,Nasik Commr.,603,881,0,1484,36,567,30,851,0,0,66,1418
2018,Maharashtra,West Coast,Nasik Rural,614,1011,0,1625,39,575,247,764,0,0,286,1339
2019,Maharashtra,West Coast,Nasik Rural,653,1072,0,1725,22,631,34,1038,0,0,56,1669
2020,Maharashtra,West Coast,Nasik Rural,595,1311,0,1906,0,595,0,1311,0,0,0,1906
2021,Maharashtra,West Coast,Nasik Rural,695,1204,0,1899,16,679,13,1191,0,0,29,1870
2022,Maharashtra,West Coast,Nasik Rural,915,1330,0,2245,5,910,6,1324,0,0,11,2234
2018,Maharashtra,West Coast,Navi Mumbai,870,1053,0,1923,48,822,38,1015,0,0,86,1837
2019,Maharashtra,West Coast,Navi Mumbai,865,1033,0,1898,41,824,38,995,0,0,79,1819
2020,Maharashtra,West Coast,Navi Mumbai,564,746,0,1310,38,526,37,709,0,0,75,1235
2021,Maharashtra,West Coast,Navi Mumbai,749,927,0,1676,56,693,57,870,0,0,113,1563
2022,Maharashtra,West Coast,Navi Mumbai,858,953,0,1811,65,793,41,912,0,0,106,1705
2018,Maharashtra,West Coast,Osmanabad,194,266,0,460,9,185,6,260,0,0,15,445
2019,Maharashtra,West Coast,Osmanabad,184,311,0,495,13,171,14,297,0,0,27,468
2020,Maharashtra,West Coast,Osmanabad,133,285,0,418,13,120,16,269,0,0,29,389
2021,Maharashtra,West Coast,Osmanabad,225,373,0,598,26,199,21,352,0,0,47,551
2022,Maharashtra,West Coast,Osmanabad,235,376,0,611,31,204,24,352,0,0,55,556
2018,Maharashtra,West Coast,Palghar,891,1256,0,2147,100,791,108,1148,0,0,208,1939
2019,Maharashtra,West Coast,Palghar,895,1232,0,2127,82,813,83,1149,0,0,165,1962
2020,Maharashtra,West Coast,Palghar,160,247,0,407,19,141,17,230,0,0,36,371
2021,Maharashtra,West Coast,Palghar,181,330,0,511,1,180,2,328,0,0,3,508
2022,Maharashtra,West Coast,Palghar,227,420,0,647,5,222,4,416,0,0,9,638
2018,Maharashtra,West Coast,Parbhani,195,217,0,412,4,191,5,212,0,0,9,403
2019,Maharashtra,West Coast,Parbhani,205,232,0,437,0,205,0,232,0,0,0,437
2020,Maharashtra,West Coast,Parbhani,143,229,0,372,0,143,0,229,0,0,0,372
2021,Maharashtra,West Coast,Parbhani,164,278,0,442,0,164,0,278,0,0,0,442
2022,Maharashtra,West Coast,Parbhani,226,270,0,496,0,226,0,270,0,0,0,496
2018,Maharashtra,West Coast,Pimpri Chinchwad City,534,316,0,850,0,534,0,316,0,0,0,850
2019,Maharashtra,West Coast,Pimpri Chinchwad City,1095,1315,0,2410,3,1092,13,1302,0,0,16,2394
2020,Maharashtra,West Coast,Pimpri Chinchwad City,796,1159,0,1955,4,792,3,1156,0,0,7,1948
2021,Maharashtra,West Coast,Pimpri Chinchwad City,1012,1317,0,2329,16,996,17,1300,0,0,33,2296
2022,Maharashtra,West Coast,Pimpri Chinchwad City,1309,1741,0,3050,103,1206,127,1614,0,0,230,2820
2018,Maharashtra,West Coast,Pune Commr.,2095,2504,0,4599,11,2084,7,2497,0,0,18,4581
2019,Maharashtra,West Coast,Pune Commr.,1731,1831,0,3562,16,1715,35,1796,0,0,51,3511
2020,Maharashtra,West Coast,Pune Commr.,1123,1569,0,2692,45,1078,61,1508,0,0,106,2586
2021,Maharashtra,West Coast,Pune Commr.,1244,1382,24,2650,61,1183,106,1276,3,21,170,2480
2022,Maharashtra,West Coast,Pune Commr.,1420,1550,0,2970,57,1363,68,1482,0,0,125,2845
2018,Maharashtra,West Coast,Pune Railway,29,23,0,52,2,27,1,22,0,0,3,49
2019,Maharashtra,West Coast,Pune Railway,42,30,0,72,2,40,2,28,0,0,4,68
2020,Maharashtra,West Coast,Pune Railway,8,4,0,12,0,8,0,4,0,0,0,12
2021,Maharashtra,West Coast,Pune Railway,9,10,0,19,1,8,3,7,0,0,4,15
2022,Maharashtra,West Coast,Pune Railway,19,10,0,29,2,17,0,10,0,0,2,27
2018,Maharashtra,West Coast,Pune Rural,1089,1546,0,2635,79,1010,51,1495,0,0,130,2505
2019,Maharashtra,West Coast,Pune Rural,1028,1677,0,2705,61,967,63,1614,0,0,124,2581
2020,Maharashtra,West Coast,Pune Rural,755,1403,0,2158,75,680,106,1297,0,0,181,1977
2021,Maharashtra,West Coast,Pune Rural,856,1439,0,2295,26,830,28,1411,0,0,54,2241
2022,Maharashtra,West Coast,Pune Rural,1149,1694,0,2843,124,1025,145,1549,0,0,269,2574
2018,Maharashtra,West Coast,Raigad,293,365,0,658,19,274,39,326,0,0,58,600
2019,Maharashtra,West Coast,Raigad,322,368,0,690,38,284,74,294,0,0,112,578
2020,Maharashtra,West Coast,Raigad,195,331,0,526,15,180,21,310,0,0,36,490
2021,Maharashtra,West Coast,Raigad,221,320,0,541,5,216,26,294,0,0,31,510
2022,Maharashtra,West Coast,Raigad,242,309,0,551,2,240,9,300,0,0,11,540
2018,Maharashtra,West Coast,Ratnagiri,201,328,0,529,12,189,24,304,0,0,36,493
2019,Maharashtra,West Coast,Ratnagiri,234,324,0,558,18,216,22,302,0,0,40,518
2020,Maharashtra,West Coast,Ratnagiri,185,218,0,403,11,174,12,206,0,0,23,380
2021,Maharashtra,West Coast,Ratnagiri,213,250,0,463,9,204,9,241,0,0,18,445
2022,Maharashtra,West Coast,Ratnagiri,241,258,0,499,0,241,0,258,0,0,0,499
2018,Maharashtra,West Coast,Sangli,554,803,0,1357,36,518,19,784,0,0,55,1302
2019,Maharashtra,West Coast,Sangli,514,868,0,1382,13,501,14,854,0,0,27,1355
2020,Maharashtra,West Coast,Sangli,430,932,0,1362,16,414,24,908,0,0,40,1322
2021,Maharashtra,West Coast,Sangli,609,1016,0,1625,28,581,30,986,0,0,58,1567
2022,Maharashtra,West Coast,Sangli,722,1121,0,1843,38,684,41,1080,0,0,79,1764
2018,Maharashtra,West Coast,Satara,471,973,0,1444,18,453,14,959,0,0,32,1412
2019,Maharashtra,West Coast,Satara,547,1129,0,1676,26,521,35,1094,0,0,61,1615
2020,Maharashtra,West Coast,Satara,429,1014,0,1443,38,391,73,941,0,0,111,1332
2021,Maharashtra,West Coast,Satara,546,1105,0,1651,35,511,36,1069,0,0,71,1580
2022,Maharashtra,West Coast,Satara,614,1191,0,1805,62,552,58,1133,0,0,120,1685
2018,Maharashtra,West Coast,Sindhudurg,104,111,0,215,12,92,3,108,0,0,15,200
2019,Maharashtra,West Coast,Sindhudurg,99,114,0,213,5,94,5,109,0,0,10,203
2020,Maharashtra,West Coast,Sindhudurg,86,104,0,190,6,80,7,97,0,0,13,177
2021,Maharashtra,West Coast,Sindhudurg,104,106,0,210,4,100,3,103,0,0,7,203
2022,Maharashtra,West Coast,Sindhudurg,86,129,0,215,4,82,5,124,0,0,9,206
2018,Maharashtra,West Coast,Solapur Commr.,270,367,0,637,19,251,18,349,0,0,37,600
2019,Maharashtra,West Coast,Solapur Commr.,308,445,0,753,20,288,48,397,0,0,68,685
2020,Maharashtra,West Coast,Solapur Commr.,268,349,0,617,25,243,16,333,0,0,41,576
2021,Maharashtra,West Coast,Solapur Commr.,255,421,0,676,24,231,8,413,0,0,32,644
2022,Maharashtra,West Coast,Solapur Commr.,342,429,0,771,8,334,7,422,0,0,15,756
2018,Maharashtra,West Coast,Solapur Rural,431,681,0,1112,0,431,0,681,0,0,0,1112
2019,Maharashtra,West Coast,Solapur Rural,473,742,0,1215,0,473,0,742,0,0,0,1215
2020,Maharashtra,West Coast,Solapur Rural,346,621,0,967,0,346,0,621,0,0,0,967
2021,Maharashtra,West Coast,Solapur Rural,489,923,0,1412,0,489,0,923,0,0,0,1412
2022,Maharashtra,West Coast,Solapur Rural,677,1073,0,1750,0,677,0,1073,0,0,0,1750
2018,Maharashtra,West Coast,Thane Commr.,1989,2352,0,4341,0,1989,0,2352,0,0,0,4341
2019,Maharashtra,West Coast,Thane Commr.,1995,2389,0,4384,7,1988,3,2386,0,0,10,4374
2020,Maharashtra,West Coast,Thane Commr.,1446,1930,0,3376,34,1412,88,1842,0,0,122,3254
2021,Maharashtra,West Coast,Thane Commr.,1746,2442,0,4188,0,1746,0,2442,0,0,0,4188
2022,Maharashtra,West Coast,Thane Commr.,2293,2646,0,4939,180,2113,184,2462,0,0,364,4575
2018,Maharashtra,West Coast,Thane Rural,525,663,0,1188,5,520,8,655,0,0,13,1175
2019,Maharashtra,West Coast,Thane Rural,573,697,0,1270,0,573,0,697,0,0,0,1270
2020,Maharashtra,West Coast,Thane Rural,187,363,0,550,2,185,27,336,0,0,29,521
2021,Maharashtra,West Coast,Thane Rural,315,419,0,734,24,291,67,352,0,0,91,643
2022,Maharashtra,West Coast,Thane Rural,316,428,0,744,31,285,36,392,0,0,67,677
2018,Maharashtra,West Coast,Total,25996,33964,0,59960,734,25262,977,32987,0,0,1711,58249
2019,Maharashtra,West Coast,Total,27972,38506,0,66478,2046,25926,2516,35990,0,0,4562,61916
2020,Maharashtra,West Coast,Total Districts ,19804,32283,1,52088,1162,18642,2194,30089,0,1,3356,48732
2021,Maharashtra,West Coast,Total Districts ,24621,37278,28,61927,1611,23010,2515,34763,3,25,4129,57798
2022,Maharashtra,West Coast,Total Districts ,30355,40401,0,70756,1448,28907,1621,38780,0,0,3069,67687
2018,Maharashtra,West Coast,Wardha,312,559,0,871,2,310,0,559,0,0,2,869
2019,Maharashtra,West Coast,Wardha,376,601,0,977,2,374,1,600,0,0,3,974
2020,Maharashtra,West Coast,Wardha,353,557,0,910,0,353,0,557,0,0,0,910
2021,Maharashtra,West Coast,Wardha,407,646,0,1053,0,407,0,646,0,0,0,1053
2022,Maharashtra,West Coast,Wardha,458,673,0,1131,0,458,0,673,0,0,0,1131
2018,Maharashtra,West Coast,Washim,162,208,0,370,0,162,2,206,0,0,2,368
2019,Maharashtra,West Coast,Washim,173,251,0,424,11,162,22,229,0,0,33,391
2020,Maharashtra,West Coast,Washim,136,207,0,343,2,134,18,189,0,0,20,323
2021,Maharashtra,West Coast,Washim,216,400,0,616,0,216,0,400,0,0,0,616
2022,Maharashtra,West Coast,Washim,231,290,0,521,0,231,0,290,0,0,0,521
2018,Maharashtra,West Coast,Yavatmal,395,686,0,1081,2,393,2,684,0,0,4,1077
2019,Maharashtra,West Coast,Yavatmal,412,758,0,1170,0,412,1,757,0,0,1,1169
2020,Maharashtra,West Coast,Yavatmal,379,687,0,1066,4,375,10,677,0,0,14,1052
2021,Maharashtra,West Coast,Yavatmal,472,881,0,1353,101,371,189,692,0,0,290,1063
2022,Maharashtra,West Coast,Yavatmal,430,759,0,1189,0,430,0,759,0,0,0,1189
2018,Manipur,North East,Bishnupur,16,11,0,27,8,8,4,7,0,0,12,15
2019,Manipur,North East,Bishnupur,40,38,0,78,9,31,7,31,0,0,16,62
2020,Manipur,North East,Bishnupur,17,21,0,38,5,12,5,16,0,0,10,28
2021,Manipur,North East,Bishnupur,10,15,0,25,3,7,1,14,0,0,4,21
2022,Manipur,North East,Bishnupur,14,25,0,39,2,12,1,24,0,0,3,36
2018,Manipur,North East,Chandel,3,1,0,4,3,0,1,0,0,0,4,0
2019,Manipur,North East,Chandel,1,1,0,2,0,1,0,1,0,0,0,2
2020,Manipur,North East,Chandel,0,3,0,3,0,0,1,2,0,0,1,2
2021,Manipur,North East,Chandel,0,0,0,0,0,0,0,0,0,0,0,0
2022,Manipur,North East,Chandel,0,0,0,0,0,0,0,0,0,0,0,0
2018,Manipur,North East,Churachandpur,0,0,0,0,0,0,0,0,0,0,0,0
2019,Manipur,North East,Churachandpur,0,0,0,0,0,0,0,0,0,0,0,0
2020,Manipur,North East,Churachandpur,0,0,0,0,0,0,0,0,0,0,0,0
2021,Manipur,North East,Churachandpur,0,0,0,0,0,0,0,0,0,0,0,0
2022,Manipur,North East,Churachandpur,0,0,0,0,0,0,0,0,0,0,0,0
2018,Manipur,North East,CID,0,0,0,0,0,0,0,0,0,0,0,0
2019,Manipur,North East,CID,0,0,0,0,0,0,0,0,0,0,0,0
2020,Manipur,North East,CID,0,0,0,0,0,0,0,0,0,0,0,0
2021,Manipur,North East,CID,0,0,0,0,0,0,0,0,0,0,0,0
2022,Manipur,North East,CID,0,0,0,0,0,0,0,0,0,0,0,0
2018,Manipur,North East,Imphal East,46,85,0,131,16,30,21,64,0,0,37,94
2019,Manipur,North East,Imphal East,58,84,0,142,15,43,17,67,0,0,32,110
2020,Manipur,North East,Imphal East,23,35,0,58,5,18,6,29,0,0,11,47
2021,Manipur,North East,Imphal East,37,53,0,90,7,30,34,19,0,0,41,49
2022,Manipur,North East,Imphal East,41,39,0,80,10,31,5,34,0,0,15,65
2018,Manipur,North East,Imphal West,32,19,0,51,7,25,5,14,0,0,12,39
2019,Manipur,North East,Imphal West,24,35,0,59,5,19,10,25,0,0,15,44
2020,Manipur,North East,Imphal West,9,26,0,35,3,6,7,19,0,0,10,25
2021,Manipur,North East,Imphal West,0,1,0,1,0,0,1,0,0,0,1,0
2022,Manipur,North East,Imphal West,23,23,0,46,4,19,10,13,0,0,14,32
2019,Manipur,North East,Jiribam,6,7,0,13,1,5,0,7,0,0,1,12
2020,Manipur,North East,Jiribam,4,5,0,9,0,4,3,2,0,0,3,6
2021,Manipur,North East,Jiribam,7,8,0,15,0,7,0,8,0,0,0,15
2022,Manipur,North East,Jiribam,8,9,0,17,0,8,2,7,0,0,2,15
2019,Manipur,North East,Kakching,22,29,0,51,10,12,3,26,0,0,13,38
2020,Manipur,North East,Kakching,10,18,0,28,2,8,3,15,0,0,5,23
2021,Manipur,North East,Kakching,6,21,0,27,1,5,1,20,0,0,2,25
2022,Manipur,North East,Kakching,25,36,0,61,11,14,5,31,0,0,16,45
2019,Manipur,North East,Kamjong,0,0,0,0,0,0,0,0,0,0,0,0
2020,Manipur,North East,Kamjong,0,0,0,0,0,0,0,0,0,0,0,0
2021,Manipur,North East,Kamjong,0,0,0,0,0,0,0,0,0,0,0,0
2022,Manipur,North East,Kamjong,0,0,0,0,0,0,0,0,0,0,0,0
2019,Manipur,North East,Kangpokpi,0,0,0,0,0,0,0,0,0,0,0,0
2020,Manipur,North East,Kangpokpi,0,0,0,0,0,0,0,0,0,0,0,0
2021,Manipur,North East,Kangpokpi,0,0,0,0,0,0,0,0,0,0,0,0
2022,Manipur,North East,Kangpokpi,0,0,0,0,0,0,0,0,0,0,0,0
2019,Manipur,North East,Narcotic,0,0,0,0,0,0,0,0,0,0,0,0
2020,Manipur,North East,Narcotic,0,0,0,0,0,0,0,0,0,0,0,0
2021,Manipur,North East,Narcotic,0,0,0,0,0,0,0,0,0,0,0,0
2022,Manipur,North East,Narcotic,0,0,0,0,0,0,0,0,0,0,0,0
2019,Manipur,North East,Noney,0,0,0,0,0,0,0,0,0,0,0,0
2020,Manipur,North East,Noney,0,0,0,0,0,0,0,0,0,0,0,0
2021,Manipur,North East,Noney,0,0,0,0,0,0,0,0,0,0,0,0
2022,Manipur,North East,Noney,0,0,0,0,0,0,0,0,0,0,0,0
2019,Manipur,North East,Pherzawl,0,0,0,0,0,0,0,0,0,0,0,0
2020,Manipur,North East,Pherzawl,0,0,0,0,0,0,0,0,0,0,0,0
2021,Manipur,North East,Pherzawl,0,0,0,0,0,0,0,0,0,0,0,0
2022,Manipur,North East,Pherzawl,0,0,0,0,0,0,0,0,0,0,0,0
2018,Manipur,North East,Senapati,5,1,0,6,0,5,0,1,0,0,0,6
2019,Manipur,North East,Senapati,0,0,0,0,0,0,0,0,0,0,0,0
2020,Manipur,North East,Senapati,0,0,0,0,0,0,0,0,0,0,0,0
2021,Manipur,North East,Senapati,0,0,0,0,0,0,0,0,0,0,0,0
2022,Manipur,North East,Senapati,0,0,0,0,0,0,0,0,0,0,0,0
2018,Manipur,North East,Tamenglong,0,0,0,0,0,0,0,0,0,0,0,0
2019,Manipur,North East,Tamenglong,0,0,0,0,0,0,0,0,0,0,0,0
2020,Manipur,North East,Tamenglong,0,0,0,0,0,0,0,0,0,0,0,0
2021,Manipur,North East,Tamenglong,0,0,0,0,0,0,0,0,0,0,0,0
2022,Manipur,North East,Tamenglong,0,0,0,0,0,0,0,0,0,0,0,0
2019,Manipur,North East,Tengnoupal,1,1,0,2,1,0,0,1,0,0,1,1
2020,Manipur,North East,Tengnoupal,0,0,0,0,0,0,0,0,0,0,0,0
2021,Manipur,North East,Tengnoupal,0,0,0,0,0,0,0,0,0,0,0,0
2022,Manipur,North East,Tengnoupal,0,0,0,0,0,0,0,0,0,0,0,0
2018,Manipur,North East,Thoubal,25,44,0,69,12,13,8,36,0,0,20,49
2019,Manipur,North East,Thoubal,30,47,0,77,9,21,25,22,0,0,34,43
2020,Manipur,North East,Thoubal,13,17,0,30,3,10,8,9,0,0,11,19
2021,Manipur,North East,Thoubal,19,17,0,36,5,14,10,7,0,0,15,21
2022,Manipur,North East,Thoubal,13,19,0,32,2,11,8,11,0,0,10,22
2018,Manipur,North East,Total,127,161,0,288,46,81,39,122,0,0,85,203
2019,Manipur,North East,Total,182,242,0,424,50,132,62,180,0,0,112,312
2020,Manipur,North East,Total Districts ,76,125,0,201,18,58,33,92,0,0,51,150
2021,Manipur,North East,Total Districts ,79,115,0,194,16,63,47,68,0,0,63,131
2022,Manipur,North East,Total Districts ,124,151,0,275,29,95,31,120,0,0,60,215
2018,Manipur,North East,Ukhrul,0,0,0,0,0,0,0,0,0,0,0,0
2019,Manipur,North East,Ukhrul,0,0,0,0,0,0,0,0,0,0,0,0
2020,Manipur,North East,Ukhrul,0,0,0,0,0,0,0,0,0,0,0,0
2021,Manipur,North East,Ukhrul,0,0,0,0,0,0,0,0,0,0,0,0
2022,Manipur,North East,Ukhrul,0,0,0,0,0,0,0,0,0,0,0,0
2018,Meghalaya,North East,Cyber Cell,0,0,0,0,0,0,0,0,0,0,0,0
2019,Meghalaya,North East,Cyber Cell,0,0,0,0,0,0,0,0,0,0,0,0
2020,Meghalaya,North East,Cyber Cell,0,0,0,0,0,0,0,0,0,0,0,0
2021,Meghalaya,North East,Cyber Cell,0,0,0,0,0,0,0,0,0,0,0,0
2022,Meghalaya,North East,Cyber Cell,0,0,0,0,0,0,0,0,0,0,0,0
2018,Meghalaya,North East,Garo Hills East,0,0,0,0,0,0,0,0,0,0,0,0
2019,Meghalaya,North East,Garo Hills East,0,5,0,5,0,0,3,2,0,0,3,2
2020,Meghalaya,North East,Garo Hills East,0,1,0,1,0,0,1,0,0,0,1,0
2021,Meghalaya,North East,Garo Hills East,0,0,0,0,0,0,0,0,0,0,0,0
2022,Meghalaya,North East,Garo Hills East,0,1,1,2,0,0,1,0,0,1,1,1
2018,Meghalaya,North East,Garo Hills North,6,10,0,16,4,2,6,4,0,0,10,6
2019,Meghalaya,North East,Garo Hills North,2,1,0,3,2,0,1,0,0,0,3,0
2020,Meghalaya,North East,Garo Hills North,2,4,0,6,0,2,0,4,0,0,0,6
2021,Meghalaya,North East,Garo Hills North,0,0,0,0,0,0,0,0,0,0,0,0
2022,Meghalaya,North East,Garo Hills North,0,0,0,0,0,0,0,0,0,0,0,0
2018,Meghalaya,North East,Garo Hills South,0,0,0,0,0,0,0,0,0,0,0,0
2019,Meghalaya,North East,Garo Hills South,0,0,0,0,0,0,0,0,0,0,0,0
2020,Meghalaya,North East,Garo Hills South,0,0,0,0,0,0,0,0,0,0,0,0
2021,Meghalaya,North East,Garo Hills South,0,0,0,0,0,0,0,0,0,0,0,0
2022,Meghalaya,North East,Garo Hills South,0,0,0,0,0,0,0,0,0,0,0,0
2018,Meghalaya,North East,Garo Hills South West,2,8,0,10,0,2,6,2,0,0,6,4
2019,Meghalaya,North East,Garo Hills South West,0,2,0,2,0,0,0,2,0,0,0,2
2020,Meghalaya,North East,Garo Hills South West,0,0,0,0,0,0,0,0,0,0,0,0
2021,Meghalaya,North East,Garo Hills South West,0,0,0,0,0,0,0,0,0,0,0,0
2022,Meghalaya,North East,Garo Hills South West,2,0,0,2,2,0,0,0,0,0,2,0
2018,Meghalaya,North East,Garo Hills West,7,21,0,28,2,5,10,11,0,0,12,16
2019,Meghalaya,North East,Garo Hills West,19,35,0,54,5,14,8,27,0,0,13,41
2020,Meghalaya,North East,Garo Hills West,4,30,0,34,0,4,13,17,0,0,13,21
2021,Meghalaya,North East,Garo Hills West,6,1,0,7,0,6,0,1,0,0,0,7
2022,Meghalaya,North East,Garo Hills West,0,0,0,0,0,0,0,0,0,0,0,0
2018,Meghalaya,North East,Jaintia Hills East,2,8,0,10,1,1,7,1,0,0,8,2
2019,Meghalaya,North East,Jaintia Hills East,7,19,0,26,1,6,13,6,0,0,14,12
2020,Meghalaya,North East,Jaintia Hills East,0,0,0,0,0,0,0,0,0,0,0,0
2021,Meghalaya,North East,Jaintia Hills East,4,11,0,15,4,0,11,0,0,0,15,0
2022,Meghalaya,North East,Jaintia Hills East,7,0,0,7,6,1,0,0,0,0,6,1
2018,Meghalaya,North East,Jaintia Hills West,9,14,0,23,2,7,9,5,0,0,11,12
2019,Meghalaya,North East,Jaintia Hills West,4,1,0,5,0,4,1,0,0,0,1,4
2020,Meghalaya,North East,Jaintia Hills West,2,2,0,4,1,1,2,0,0,0,3,1
2021,Meghalaya,North East,Jaintia Hills West,0,0,0,0,0,0,0,0,0,0,0,0
2022,Meghalaya,North East,Jaintia Hills West,4,1,0,5,3,1,1,0,0,0,4,1
2018,Meghalaya,North East,Khasi Hills East,94,97,0,191,34,60,30,67,0,0,64,127
2019,Meghalaya,North East,Khasi Hills East,117,133,0,250,33,84,36,97,0,0,69,181
2020,Meghalaya,North East,Khasi Hills East,72,61,0,133,6,66,15,46,0,0,21,112
2021,Meghalaya,North East,Khasi Hills East,72,96,0,168,16,56,35,61,0,0,51,117
2022,Meghalaya,North East,Khasi Hills East,0,0,0,0,0,0,0,0,0,0,0,0
2022,Meghalaya,North East,Khasi Hills Eastern West,0,0,0,0,0,0,0,0,0,0,0,0
2018,Meghalaya,North East,Khasi Hills South West,0,0,0,0,0,0,0,0,0,0,0,0
2019,Meghalaya,North East,Khasi Hills South West,0,0,0,0,0,0,0,0,0,0,0,0
2020,Meghalaya,North East,Khasi Hills South West,2,1,0,3,0,2,1,0,0,0,1,2
2021,Meghalaya,North East,Khasi Hills South West,0,0,0,0,0,0,0,0,0,0,0,0
2022,Meghalaya,North East,Khasi Hills South West,1,0,0,1,1,0,0,0,0,0,1,0
2018,Meghalaya,North East,Khasi Hills West,0,0,0,0,0,0,0,0,0,0,0,0
2019,Meghalaya,North East,Khasi Hills West,0,0,0,0,0,0,0,0,0,0,0,0
2020,Meghalaya,North East,Khasi Hills West,0,0,0,0,0,0,0,0,0,0,0,0
2021,Meghalaya,North East,Khasi Hills West,0,0,0,0,0,0,0,0,0,0,0,0
2022,Meghalaya,North East,Khasi Hills West,0,0,0,0,0,0,0,0,0,0,0,0
2018,Meghalaya,North East,Ri-Bhoi,10,8,0,18,5,5,2,6,0,0,7,11
2019,Meghalaya,North East,Ri-Bhoi,7,4,0,11,0,7,1,3,0,0,1,10
2020,Meghalaya,North East,Ri-Bhoi,10,3,0,13,5,5,0,3,0,0,5,8
2021,Meghalaya,North East,Ri-Bhoi,0,0,0,0,0,0,0,0,0,0,0,0
2022,Meghalaya,North East,Ri-Bhoi,11,0,0,11,11,0,0,0,0,0,11,0
2018,Meghalaya,North East,Total,130,166,0,296,48,82,70,96,0,0,118,178
2019,Meghalaya,North East,Total,156,200,0,356,41,115,63,137,0,0,104,252
2020,Meghalaya,North East,Total Districts ,92,102,0,194,12,80,32,70,0,0,44,150
2021,Meghalaya,North East,Total Districts ,82,108,0,190,20,62,46,62,0,0,66,124
2022,Meghalaya,North East,Total Districts ,25,2,1,28,23,2,2,0,0,1,25,3
2018,Mizoram,North East,Aizawl,0,0,0,0,0,0,0,0,0,0,0,0
2019,Mizoram,North East,Aizawl,0,0,0,0,0,0,0,0,0,0,0,0
2020,Mizoram,North East,Aizawl,0,0,0,0,0,0,0,0,0,0,0,0
2021,Mizoram,North East,Aizawl,0,0,0,0,0,0,0,0,0,0,0,0
2022,Mizoram,North East,Aizawl,0,0,0,0,0,0,0,0,0,0,0,0
2018,Mizoram,North East,Champhai,3,0,0,3,3,0,0,0,0,0,3,0
2019,Mizoram,North East,Champhai,0,0,0,0,0,0,0,0,0,0,0,0
2020,Mizoram,North East,Champhai,0,0,0,0,0,0,0,0,0,0,0,0
2021,Mizoram,North East,Champhai,0,0,0,0,0,0,0,0,0,0,0,0
2022,Mizoram,North East,Champhai,0,0,0,0,0,0,0,0,0,0,0,0
2020,Mizoram,North East,Cyber,0,0,0,0,0,0,0,0,0,0,0,0
2021,Mizoram,North East,Cyber,0,0,0,0,0,0,0,0,0,0,0,0
2022,Mizoram,North East,Cyber,0,0,0,0,0,0,0,0,0,0,0,0
2020,Mizoram,North East,Hnahthial,0,0,0,0,0,0,0,0,0,0,0,0
2021,Mizoram,North East,Hnahthial,0,0,0,0,0,0,0,0,0,0,0,0
2022,Mizoram,North East,Hnahthial,0,0,0,0,0,0,0,0,0,0,0,0
2020,Mizoram,North East,Khawzawl,0,0,0,0,0,0,0,0,0,0,0,0
2021,Mizoram,North East,Khawzawl,0,0,0,0,0,0,0,0,0,0,0,0
2022,Mizoram,North East,Khawzawl,0,0,0,0,0,0,0,0,0,0,0,0
2018,Mizoram,North East,Kolasib,0,0,0,0,0,0,0,0,0,0,0,0
2019,Mizoram,North East,Kolasib,0,0,0,0,0,0,0,0,0,0,0,0
2020,Mizoram,North East,Kolasib,0,0,0,0,0,0,0,0,0,0,0,0
2021,Mizoram,North East,Kolasib,0,0,0,0,0,0,0,0,0,0,0,0
2022,Mizoram,North East,Kolasib,0,1,0,1,0,0,1,0,0,0,1,0
2018,Mizoram,North East,Lawngtlai,0,0,0,0,0,0,0,0,0,0,0,0
2019,Mizoram,North East,Lawngtlai,0,0,0,0,0,0,0,0,0,0,0,0
2020,Mizoram,North East,Lawngtlai,0,0,0,0,0,0,0,0,0,0,0,0
2021,Mizoram,North East,Lawngtlai,0,0,0,0,0,0,0,0,0,0,0,0
2022,Mizoram,North East,Lawngtlai,0,0,0,0,0,0,0,0,0,0,0,0
2018,Mizoram,North East,Lunglei,0,0,0,0,0,0,0,0,0,0,0,0
2019,Mizoram,North East,Lunglei,0,0,0,0,0,0,0,0,0,0,0,0
2020,Mizoram,North East,Lunglei,0,0,0,0,0,0,0,0,0,0,0,0
2021,Mizoram,North East,Lunglei,1,0,0,1,0,1,0,0,0,0,0,1
2022,Mizoram,North East,Lunglei,0,0,0,0,0,0,0,0,0,0,0,0
2018,Mizoram,North East,Mamit,0,0,0,0,0,0,0,0,0,0,0,0
2019,Mizoram,North East,Mamit,0,0,0,0,0,0,0,0,0,0,0,0
2020,Mizoram,North East,Mamit,0,0,0,0,0,0,0,0,0,0,0,0
2021,Mizoram,North East,Mamit,0,0,0,0,0,0,0,0,0,0,0,0
2022,Mizoram,North East,Mamit,0,0,0,0,0,0,0,0,0,0,0,0
2018,Mizoram,North East,Saiha,0,0,0,0,0,0,0,0,0,0,0,0
2019,Mizoram,North East,Saiha,0,0,0,0,0,0,0,0,0,0,0,0
2020,Mizoram,North East,Saiha,0,0,0,0,0,0,0,0,0,0,0,0
2021,Mizoram,North East,Saiha,0,0,0,0,0,0,0,0,0,0,0,0
2022,Mizoram,North East,Saiha,0,0,0,0,0,0,0,0,0,0,0,0
2020,Mizoram,North East,Saitual,0,0,0,0,0,0,0,0,0,0,0,0
2021,Mizoram,North East,Saitual,0,0,0,0,0,0,0,0,0,0,0,0
2022,Mizoram,North East,Saitual,0,0,0,0,0,0,0,0,0,0,0,0
2018,Mizoram,North East,Serchhip,0,0,0,0,0,0,0,0,0,0,0,0
2019,Mizoram,North East,Serchhip,0,0,0,0,0,0,0,0,0,0,0,0
2020,Mizoram,North East,Serchhip,0,0,0,0,0,0,0,0,0,0,0,0
2021,Mizoram,North East,Serchhip,0,0,0,0,0,0,0,0,0,0,0,0
2022,Mizoram,North East,Serchhip,0,0,0,0,0,0,0,0,0,0,0,0
2018,Mizoram,North East,Spl Narcotic,0,0,0,0,0,0,0,0,0,0,0,0
2019,Mizoram,North East,Spl Narcotic,0,0,0,0,0,0,0,0,0,0,0,0
2020,Mizoram,North East,Spl Narcotic,0,0,0,0,0,0,0,0,0,0,0,0
2021,Mizoram,North East,Spl Narcotic,0,0,0,0,0,0,0,0,0,0,0,0
2022,Mizoram,North East,Spl Narcotic,0,0,0,0,0,0,0,0,0,0,0,0
2018,Mizoram,North East,Total,3,0,0,3,3,0,0,0,0,0,3,0
2019,Mizoram,North East,Total,0,0,0,0,0,0,0,0,0,0,0,0
2020,Mizoram,North East,Total Districts ,0,0,0,0,0,0,0,0,0,0,0,0
2021,Mizoram,North East,Total Districts ,1,0,0,1,0,1,0,0,0,0,0,1
2022,Mizoram,North East,Total Districts ,0,1,0,1,0,0,1,0,0,0,1,0
2018,Nagaland,North East,Dimapur,38,38,0,76,17,21,27,11,0,0,44,32
2019,Nagaland,North East,Dimapur,18,40,0,58,7,11,30,10,0,0,37,21
2020,Nagaland,North East,Dimapur,10,9,0,19,0,10,4,5,0,0,4,15
2021,Nagaland,North East,Dimapur,38,6,0,44,4,34,3,3,0,0,7,37
2022,Nagaland,North East,Dimapur,1,2,0,3,1,0,2,0,0,0,3,0
2018,Nagaland,North East,Kiphire,0,0,0,0,0,0,0,0,0,0,0,0
2019,Nagaland,North East,Kiphire,0,0,0,0,0,0,0,0,0,0,0,0
2020,Nagaland,North East,Kiphire,0,0,0,0,0,0,0,0,0,0,0,0
2021,Nagaland,North East,Kiphire,0,0,0,0,0,0,0,0,0,0,0,0
2022,Nagaland,North East,Kiphire,0,0,0,0,0,0,0,0,0,0,0,0
2018,Nagaland,North East,Kohima,22,45,0,67,21,1,30,15,0,0,51,16
2019,Nagaland,North East,Kohima,0,0,0,0,0,0,0,0,0,0,0,0
2020,Nagaland,North East,Kohima,4,18,0,22,4,0,13,5,0,0,17,5
2021,Nagaland,North East,Kohima,6,21,0,27,5,1,14,7,0,0,19,8
2022,Nagaland,North East,Kohima,2,40,0,42,2,0,35,5,0,0,37,5
2018,Nagaland,North East,Longleng,0,0,0,0,0,0,0,0,0,0,0,0
2019,Nagaland,North East,Longleng,0,0,0,0,0,0,0,0,0,0,0,0
2020,Nagaland,North East,Longleng,0,0,0,0,0,0,0,0,0,0,0,0
2021,Nagaland,North East,Longleng,0,0,0,0,0,0,0,0,0,0,0,0
2022,Nagaland,North East,Longleng,0,0,0,0,0,0,0,0,0,0,0,0
2018,Nagaland,North East,Mokokchung,0,0,0,0,0,0,0,0,0,0,0,0
2019,Nagaland,North East,Mokokchung,0,0,0,0,0,0,0,0,0,0,0,0
2020,Nagaland,North East,Mokokchung,0,0,0,0,0,0,0,0,0,0,0,0
2021,Nagaland,North East,Mokokchung,0,0,0,0,0,0,0,0,0,0,0,0
2022,Nagaland,North East,Mokokchung,0,0,0,0,0,0,0,0,0,0,0,0
2018,Nagaland,North East,Mon,0,0,0,0,0,0,0,0,0,0,0,0
2019,Nagaland,North East,Mon,0,0,0,0,0,0,0,0,0,0,0,0
2020,Nagaland,North East,Mon,0,0,0,0,0,0,0,0,0,0,0,0
2021,Nagaland,North East,Mon,0,0,0,0,0,0,0,0,0,0,0,0
2022,Nagaland,North East,Mon,0,0,0,0,0,0,0,0,0,0,0,0
2018,Nagaland,North East,Peren,0,0,0,0,0,0,0,0,0,0,0,0
2019,Nagaland,North East,Peren,0,0,0,0,0,0,0,0,0,0,0,0
2020,Nagaland,North East,Peren,0,0,0,0,0,0,0,0,0,0,0,0
2021,Nagaland,North East,Peren,0,0,0,0,0,0,0,0,0,0,0,0
2022,Nagaland,North East,Peren,0,0,0,0,0,0,0,0,0,0,0,0
2018,Nagaland,North East,Phek,0,0,0,0,0,0,0,0,0,0,0,0
2019,Nagaland,North East,Phek,0,0,0,0,0,0,0,0,0,0,0,0
2020,Nagaland,North East,Phek,0,0,0,0,0,0,0,0,0,0,0,0
2021,Nagaland,North East,Phek,0,0,0,0,0,0,0,0,0,0,0,0
2022,Nagaland,North East,Phek,0,0,0,0,0,0,0,0,0,0,0,0
2018,Nagaland,North East,Total,60,83,0,143,38,22,57,26,0,0,95,48
2019,Nagaland,North East,Total,18,40,0,58,7,11,30,10,0,0,37,21
2020,Nagaland,North East,Total Districts ,14,27,0,41,4,10,17,10,0,0,21,20
2021,Nagaland,North East,Total Districts ,44,27,0,71,9,35,17,10,0,0,26,45
2022,Nagaland,North East,Total Districts ,4,42,0,46,4,0,37,5,0,0,41,5
2018,Nagaland,North East,Tuensang,0,0,0,0,0,0,0,0,0,0,0,0
2019,Nagaland,North East,Tuensang,0,0,0,0,0,0,0,0,0,0,0,0
2020,Nagaland,North East,Tuensang,0,0,0,0,0,0,0,0,0,0,0,0
2021,Nagaland,North East,Tuensang,0,0,0,0,0,0,0,0,0,0,0,0
2022,Nagaland,North East,Tuensang,0,0,0,0,0,0,0,0,0,0,0,0
2018,Nagaland,North East,Wokha,0,0,0,0,0,0,0,0,0,0,0,0
2019,Nagaland,North East,Wokha,0,0,0,0,0,0,0,0,0,0,0,0
2020,Nagaland,North East,Wokha,0,0,0,0,0,0,0,0,0,0,0,0
2021,Nagaland,North East,Wokha,0,0,0,0,0,0,0,0,0,0,0,0
2022,Nagaland,North East,Wokha,0,0,0,0,0,0,0,0,0,0,0,0
2018,Nagaland,North East,Zunheboto,0,0,0,0,0,0,0,0,0,0,0,0
2019,Nagaland,North East,Zunheboto,0,0,0,0,0,0,0,0,0,0,0,0
2020,Nagaland,North East,Zunheboto,0,0,0,0,0,0,0,0,0,0,0,0
2021,Nagaland,North East,Zunheboto,0,0,0,0,0,0,0,0,0,0,0,0
2022,Nagaland,North East,Zunheboto,1,0,0,1,1,0,0,0,0,0,1,0
2018,Odisha,North India,Angul,0,0,0,0,0,0,0,0,0,0,0,0
2019,Odisha,North India,Angul,0,0,0,0,0,0,0,0,0,0,0,0
2020,Odisha,North India,Angul,0,0,0,0,0,0,0,0,0,0,0,0
2021,Odisha,North India,Angul,0,0,0,0,0,0,0,0,0,0,0,0
2022,Odisha,North India,Angul,0,0,0,0,0,0,0,0,0,0,0,0
2018,Odisha,North India,Balasore,0,0,0,0,0,0,0,0,0,0,0,0
2019,Odisha,North India,Balasore,0,0,0,0,0,0,0,0,0,0,0,0
2020,Odisha,North India,Balasore,0,0,0,0,0,0,0,0,0,0,0,0
2021,Odisha,North India,Balasore,0,0,0,0,0,0,0,0,0,0,0,0
2022,Odisha,North India,Balasore,0,0,0,0,0,0,0,0,0,0,0,0
2018,Odisha,North India,Baragarh,0,0,0,0,0,0,0,0,0,0,0,0
2019,Odisha,North India,Baragarh,0,0,0,0,0,0,0,0,0,0,0,0
2020,Odisha,North India,Baragarh,0,0,0,0,0,0,0,0,0,0,0,0
2021,Odisha,North India,Baragarh,0,0,0,0,0,0,0,0,0,0,0,0
2022,Odisha,North India,Baragarh,0,0,0,0,0,0,0,0,0,0,0,0
2018,Odisha,North India,Berhampur,0,0,0,0,0,0,0,0,0,0,0,0
2019,Odisha,North India,Berhampur,0,0,0,0,0,0,0,0,0,0,0,0
2020,Odisha,North India,Berhampur,0,0,0,0,0,0,0,0,0,0,0,0
2021,Odisha,North India,Berhampur,0,0,0,0,0,0,0,0,0,0,0,0
2022,Odisha,North India,Berhampur,0,0,0,0,0,0,0,0,0,0,0,0
2018,Odisha,North India,Bhadrak,0,0,0,0,0,0,0,0,0,0,0,0
2019,Odisha,North India,Bhadrak,0,0,0,0,0,0,0,0,0,0,0,0
2020,Odisha,North India,Bhadrak,0,0,0,0,0,0,0,0,0,0,0,0
2021,Odisha,North India,Bhadrak,0,0,0,0,0,0,0,0,0,0,0,0
2022,Odisha,North India,Bhadrak,0,0,0,0,0,0,0,0,0,0,0,0
2018,Odisha,North India,Bolangir,0,0,0,0,0,0,0,0,0,0,0,0
2019,Odisha,North India,Bolangir,0,0,0,0,0,0,0,0,0,0,0,0
2020,Odisha,North India,Bolangir,0,0,0,0,0,0,0,0,0,0,0,0
2021,Odisha,North India,Bolangir,0,0,0,0,0,0,0,0,0,0,0,0
2022,Odisha,North India,Bolangir,0,0,0,0,0,0,0,0,0,0,0,0
2018,Odisha,North India,Boudh,0,0,0,0,0,0,0,0,0,0,0,0
2019,Odisha,North India,Boudh,0,0,0,0,0,0,0,0,0,0,0,0
2020,Odisha,North India,Boudh,0,0,0,0,0,0,0,0,0,0,0,0
2021,Odisha,North India,Boudh,0,0,0,0,0,0,0,0,0,0,0,0
2022,Odisha,North India,Boudh,0,0,0,0,0,0,0,0,0,0,0,0
2018,Odisha,North India,CID CB,2869,10193,0,13062,451,2418,1875,8318,0,0,2326,10736
2019,Odisha,North India,CID CB,3300,12017,0,15317,560,2740,2591,9426,0,0,3151,12166
2020,Odisha,North India,CID CB,2781,11601,0,14382,337,2444,2517,9084,0,0,2854,11528
2021,Odisha,North India,CID CB,3449,12986,0,16435,477,2972,3656,9330,0,0,4133,12302
2022,Odisha,North India,CID CB,4517,14070,0,18587,507,4010,4250,9820,0,0,4757,13830
2018,Odisha,North India,Cuttack,0,0,0,0,0,0,0,0,0,0,0,0
2019,Odisha,North India,Cuttack,0,0,0,0,0,0,0,0,0,0,0,0
2020,Odisha,North India,Cuttack,0,0,0,0,0,0,0,0,0,0,0,0
2021,Odisha,North India,Cuttack,0,0,0,0,0,0,0,0,0,0,0,0
2022,Odisha,North India,Cuttack,0,0,0,0,0,0,0,0,0,0,0,0
2018,Odisha,North India,DCP BBSR,0,0,0,0,0,0,0,0,0,0,0,0
2019,Odisha,North India,DCP BBSR,0,0,0,0,0,0,0,0,0,0,0,0
2020,Odisha,North India,DCP BBSR,0,0,0,0,0,0,0,0,0,0,0,0
2021,Odisha,North India,DCP BBSR,0,0,0,0,0,0,0,0,0,0,0,0
2022,Odisha,North India,DCP BBSR,0,0,0,0,0,0,0,0,0,0,0,0
2018,Odisha,North India,DCP CTC,0,0,0,0,0,0,0,0,0,0,0,0
2019,Odisha,North India,DCP CTC,0,0,0,0,0,0,0,0,0,0,0,0
2020,Odisha,North India,DCP CTC,0,0,0,0,0,0,0,0,0,0,0,0
2021,Odisha,North India,DCP CTC,0,0,0,0,0,0,0,0,0,0,0,0
2022,Odisha,North India,DCP CTC,0,0,0,0,0,0,0,0,0,0,0,0
2018,Odisha,North India,Deogarh,0,0,0,0,0,0,0,0,0,0,0,0
2019,Odisha,North India,Deogarh,0,0,0,0,0,0,0,0,0,0,0,0
2020,Odisha,North India,Deogarh,0,0,0,0,0,0,0,0,0,0,0,0
2021,Odisha,North India,Deogarh,0,0,0,0,0,0,0,0,0,0,0,0
2022,Odisha,North India,Deogarh,0,0,0,0,0,0,0,0,0,0,0,0
2018,Odisha,North India,Dhenkanal,0,0,0,0,0,0,0,0,0,0,0,0
2019,Odisha,North India,Dhenkanal,0,0,0,0,0,0,0,0,0,0,0,0
2020,Odisha,North India,Dhenkanal,55,255,0,310,6,49,39,216,0,0,45,265
2021,Odisha,North India,Dhenkanal,0,0,0,0,0,0,0,0,0,0,0,0
2022,Odisha,North India,Dhenkanal,0,0,0,0,0,0,0,0,0,0,0,0
2018,Odisha,North India,Gajapati,0,0,0,0,0,0,0,0,0,0,0,0
2019,Odisha,North India,Gajapati,0,0,0,0,0,0,0,0,0,0,0,0
2020,Odisha,North India,Gajapati,0,0,0,0,0,0,0,0,0,0,0,0
2021,Odisha,North India,Gajapati,0,0,0,0,0,0,0,0,0,0,0,0
2022,Odisha,North India,Gajapati,0,0,0,0,0,0,0,0,0,0,0,0
2018,Odisha,North India,Ganjam,0,0,0,0,0,0,0,0,0,0,0,0
2019,Odisha,North India,Ganjam,0,0,0,0,0,0,0,0,0,0,0,0
2020,Odisha,North India,Ganjam,0,0,0,0,0,0,0,0,0,0,0,0
2021,Odisha,North India,Ganjam,0,0,0,0,0,0,0,0,0,0,0,0
2022,Odisha,North India,Ganjam,0,0,0,0,0,0,0,0,0,0,0,0
2018,Odisha,North India,Jagatsinghpur,0,0,0,0,0,0,0,0,0,0,0,0
2019,Odisha,North India,Jagatsinghpur,0,0,0,0,0,0,0,0,0,0,0,0
2020,Odisha,North India,Jagatsinghpur,0,0,0,0,0,0,0,0,0,0,0,0
2021,Odisha,North India,Jagatsinghpur,0,0,0,0,0,0,0,0,0,0,0,0
2022,Odisha,North India,Jagatsinghpur,0,0,0,0,0,0,0,0,0,0,0,0
2018,Odisha,North India,Jajpur,0,0,0,0,0,0,0,0,0,0,0,0
2019,Odisha,North India,Jajpur,0,0,0,0,0,0,0,0,0,0,0,0
2020,Odisha,North India,Jajpur,0,0,0,0,0,0,0,0,0,0,0,0
2021,Odisha,North India,Jajpur,0,0,0,0,0,0,0,0,0,0,0,0
2022,Odisha,North India,Jajpur,0,0,0,0,0,0,0,0,0,0,0,0
2018,Odisha,North India,Jharsuguda,0,0,0,0,0,0,0,0,0,0,0,0
2019,Odisha,North India,Jharsuguda,0,0,0,0,0,0,0,0,0,0,0,0
2020,Odisha,North India,Jharsuguda,0,0,0,0,0,0,0,0,0,0,0,0
2021,Odisha,North India,Jharsuguda,0,0,0,0,0,0,0,0,0,0,0,0
2022,Odisha,North India,Jharsuguda,0,0,0,0,0,0,0,0,0,0,0,0
2018,Odisha,North India,Kalahandi,0,0,0,0,0,0,0,0,0,0,0,0
2019,Odisha,North India,Kalahandi,0,0,0,0,0,0,0,0,0,0,0,0
2020,Odisha,North India,Kalahandi,0,0,0,0,0,0,0,0,0,0,0,0
2021,Odisha,North India,Kalahandi,0,0,0,0,0,0,0,0,0,0,0,0
2022,Odisha,North India,Kalahandi,0,0,0,0,0,0,0,0,0,0,0,0
2018,Odisha,North India,Kandhamal,0,0,0,0,0,0,0,0,0,0,0,0
2019,Odisha,North India,Kandhamal,0,0,0,0,0,0,0,0,0,0,0,0
2020,Odisha,North India,Kandhamal,0,0,0,0,0,0,0,0,0,0,0,0
2021,Odisha,North India,Kandhamal,0,0,0,0,0,0,0,0,0,0,0,0
2022,Odisha,North India,Kandhamal,0,0,0,0,0,0,0,0,0,0,0,0
2018,Odisha,North India,Kendrapara,0,0,0,0,0,0,0,0,0,0,0,0
2019,Odisha,North India,Kendrapara,0,0,0,0,0,0,0,0,0,0,0,0
2020,Odisha,North India,Kendrapara,0,0,0,0,0,0,0,0,0,0,0,0
2021,Odisha,North India,Kendrapara,0,0,0,0,0,0,0,0,0,0,0,0
2022,Odisha,North India,Kendrapara,0,0,0,0,0,0,0,0,0,0,0,0
2018,Odisha,North India,Keonjhar,0,0,0,0,0,0,0,0,0,0,0,0
2019,Odisha,North India,Keonjhar,0,0,0,0,0,0,0,0,0,0,0,0
2020,Odisha,North India,Keonjhar,0,0,0,0,0,0,0,0,0,0,0,0
2021,Odisha,North India,Keonjhar,0,0,0,0,0,0,0,0,0,0,0,0
2022,Odisha,North India,Keonjhar,0,0,0,0,0,0,0,0,0,0,0,0
2018,Odisha,North India,Khurda,0,0,0,0,0,0,0,0,0,0,0,0
2019,Odisha,North India,Khurda,0,0,0,0,0,0,0,0,0,0,0,0
2020,Odisha,North India,Khurda,0,0,0,0,0,0,0,0,0,0,0,0
2021,Odisha,North India,Khurda,0,0,0,0,0,0,0,0,0,0,0,0
2022,Odisha,North India,Khurda,0,0,0,0,0,0,0,0,0,0,0,0
2018,Odisha,North India,Koraput,0,0,0,0,0,0,0,0,0,0,0,0
2019,Odisha,North India,Koraput,0,0,0,0,0,0,0,0,0,0,0,0
2020,Odisha,North India,Koraput,0,0,0,0,0,0,0,0,0,0,0,0
2021,Odisha,North India,Koraput,0,0,0,0,0,0,0,0,0,0,0,0
2022,Odisha,North India,Koraput,0,0,0,0,0,0,0,0,0,0,0,0
2018,Odisha,North India,Malkangiri,0,0,0,0,0,0,0,0,0,0,0,0
2019,Odisha,North India,Malkangiri,0,0,0,0,0,0,0,0,0,0,0,0
2020,Odisha,North India,Malkangiri,0,0,0,0,0,0,0,0,0,0,0,0
2021,Odisha,North India,Malkangiri,0,0,0,0,0,0,0,0,0,0,0,0
2022,Odisha,North India,Malkangiri,0,0,0,0,0,0,0,0,0,0,0,0
2018,Odisha,North India,Mayurbhanj,0,0,0,0,0,0,0,0,0,0,0,0
2019,Odisha,North India,Mayurbhanj,0,0,0,0,0,0,0,0,0,0,0,0
2020,Odisha,North India,Mayurbhanj,0,0,0,0,0,0,0,0,0,0,0,0
2021,Odisha,North India,Mayurbhanj,0,0,0,0,0,0,0,0,0,0,0,0
2022,Odisha,North India,Mayurbhanj,0,0,0,0,0,0,0,0,0,0,0,0
2018,Odisha,North India,Nabarangpur,0,0,0,0,0,0,0,0,0,0,0,0
2019,Odisha,North India,Nabarangpur,0,0,0,0,0,0,0,0,0,0,0,0
2020,Odisha,North India,Nabarangpur,0,0,0,0,0,0,0,0,0,0,0,0
2021,Odisha,North India,Nabarangpur,0,0,0,0,0,0,0,0,0,0,0,0
2022,Odisha,North India,Nabarangpur,0,0,0,0,0,0,0,0,0,0,0,0
2018,Odisha,North India,Nayagarh,0,0,0,0,0,0,0,0,0,0,0,0
2019,Odisha,North India,Nayagarh,0,0,0,0,0,0,0,0,0,0,0,0
2020,Odisha,North India,Nayagarh,0,0,0,0,0,0,0,0,0,0,0,0
2021,Odisha,North India,Nayagarh,0,0,0,0,0,0,0,0,0,0,0,0
2022,Odisha,North India,Nayagarh,0,0,0,0,0,0,0,0,0,0,0,0
2018,Odisha,North India,Nuapada,0,0,0,0,0,0,0,0,0,0,0,0
2019,Odisha,North India,Nuapada,0,0,0,0,0,0,0,0,0,0,0,0
2020,Odisha,North India,Nuapada,0,0,0,0,0,0,0,0,0,0,0,0
2021,Odisha,North India,Nuapada,0,0,0,0,0,0,0,0,0,0,0,0
2022,Odisha,North India,Nuapada,0,0,0,0,0,0,0,0,0,0,0,0
2018,Odisha,North India,Puri,0,0,0,0,0,0,0,0,0,0,0,0
2019,Odisha,North India,Puri,0,0,0,0,0,0,0,0,0,0,0,0
2020,Odisha,North India,Puri,0,0,0,0,0,0,0,0,0,0,0,0
2021,Odisha,North India,Puri,0,0,0,0,0,0,0,0,0,0,0,0
2022,Odisha,North India,Puri,0,0,0,0,0,0,0,0,0,0,0,0
2018,Odisha,North India,Rayagada,0,0,0,0,0,0,0,0,0,0,0,0
2019,Odisha,North India,Rayagada,0,0,0,0,0,0,0,0,0,0,0,0
2020,Odisha,North India,Rayagada,0,0,0,0,0,0,0,0,0,0,0,0
2021,Odisha,North India,Rayagada,0,0,0,0,0,0,0,0,0,0,0,0
2022,Odisha,North India,Rayagada,0,0,0,0,0,0,0,0,0,0,0,0
2018,Odisha,North India,Rourkela,0,0,0,0,0,0,0,0,0,0,0,0
2019,Odisha,North India,Rourkela,0,0,0,0,0,0,0,0,0,0,0,0
2020,Odisha,North India,Rourkela,0,0,0,0,0,0,0,0,0,0,0,0
2021,Odisha,North India,Rourkela,0,0,0,0,0,0,0,0,0,0,0,0
2022,Odisha,North India,Rourkela,0,0,0,0,0,0,0,0,0,0,0,0
2018,Odisha,North India,Sambalpur,0,0,0,0,0,0,0,0,0,0,0,0
2019,Odisha,North India,Sambalpur,0,0,0,0,0,0,0,0,0,0,0,0
2020,Odisha,North India,Sambalpur,0,0,0,0,0,0,0,0,0,0,0,0
2021,Odisha,North India,Sambalpur,0,0,0,0,0,0,0,0,0,0,0,0
2022,Odisha,North India,Sambalpur,0,0,0,0,0,0,0,0,0,0,0,0
2018,Odisha,North India,Sonepur,0,0,0,0,0,0,0,0,0,0,0,0
2019,Odisha,North India,Sonepur,0,0,0,0,0,0,0,0,0,0,0,0
2020,Odisha,North India,Sonepur,0,0,0,0,0,0,0,0,0,0,0,0
2021,Odisha,North India,Sonepur,0,0,0,0,0,0,0,0,0,0,0,0
2022,Odisha,North India,Sonepur,0,0,0,0,0,0,0,0,0,0,0,0
2018,Odisha,North India,SRP(Cuttack),0,0,0,0,0,0,0,0,0,0,0,0
2019,Odisha,North India,SRP(Cuttack),0,0,0,0,0,0,0,0,0,0,0,0
2020,Odisha,North India,SRP(Cuttack),0,0,0,0,0,0,0,0,0,0,0,0
2021,Odisha,North India,SRP(Cuttack),0,0,0,0,0,0,0,0,0,0,0,0
2022,Odisha,North India,SRP(Cuttack),0,0,0,0,0,0,0,0,0,0,0,0
2018,Odisha,North India,SRP(Rourkela),0,0,0,0,0,0,0,0,0,0,0,0
2019,Odisha,North India,SRP(Rourkela),0,0,0,0,0,0,0,0,0,0,0,0
2020,Odisha,North India,SRP(Rourkela),0,0,0,0,0,0,0,0,0,0,0,0
2021,Odisha,North India,SRP(Rourkela),0,0,0,0,0,0,0,0,0,0,0,0
2022,Odisha,North India,SRP(Rourkela),0,0,0,0,0,0,0,0,0,0,0,0
2018,Odisha,North India,Sundargarh,0,0,0,0,0,0,0,0,0,0,0,0
2019,Odisha,North India,Sundargarh,0,0,0,0,0,0,0,0,0,0,0,0
2020,Odisha,North India,Sundargarh,0,0,0,0,0,0,0,0,0,0,0,0
2021,Odisha,North India,Sundargarh,0,0,0,0,0,0,0,0,0,0,0,0
2022,Odisha,North India,Sundargarh,0,0,0,0,0,0,0,0,0,0,0,0
2018,Odisha,North India,Total,2869,10193,0,13062,451,2418,1875,8318,0,0,2326,10736
2019,Odisha,North India,Total,3300,12017,0,15317,560,2740,2591,9426,0,0,3151,12166
2020,Odisha,North India,Total Districts ,2836,11856,0,14692,343,2493,2556,9300,0,0,2899,11793
2021,Odisha,North India,Total Districts ,3449,12986,0,16435,477,2972,3656,9330,0,0,4133,12302
2022,Odisha,North India,Total Districts ,4517,14070,0,18587,507,4010,4250,9820,0,0,4757,13830
2018,Puducherry,South India,Karaikal,0,0,0,0,0,0,0,0,0,0,0,0
2019,Puducherry,South India,Karaikal,0,0,0,0,0,0,0,0,0,0,0,0
2020,Puducherry,South India,Karaikal,0,0,0,0,0,0,0,0,0,0,0,0
2021,Puducherry,South India,Karaikal,0,0,0,0,0,0,0,0,0,0,0,0
2022,Puducherry,South India,Karaikal,0,0,0,0,0,0,0,0,0,0,0,0
2018,Puducherry,South India,Puducherry,95,154,0,249,15,80,34,120,0,0,49,200
2019,Puducherry,South India,Puducherry,78,138,0,216,12,66,36,102,0,0,48,168
2021,Puducherry,South India,Puducherry,86,179,0,265,10,76,25,154,0,0,35,230
2022,Puducherry,South India,Puducherry,91,158,0,249,14,77,24,134,0,0,38,211
2018,Puducherry,South India,Total,95,154,0,249,15,80,34,120,0,0,49,200
2019,Puducherry,South India,Total,78,138,0,216,12,66,36,102,0,0,48,168
2020,Puducherry,South India,Total Districts ,57,158,0,215,11,46,29,129,0,0,40,175
2021,Puducherry,South India,Total Districts ,86,179,0,265,10,76,25,154,0,0,35,230
2022,Puducherry,South India,Total Districts ,91,158,0,249,14,77,24,134,0,0,38,211
2018,Punjab,North India,Amritsar Rural,35,78,0,113,4,31,54,24,0,0,58,55
2019,Punjab,North India,Amritsar Rural,41,106,0,147,10,31,77,29,0,0,87,60
2020,Punjab,North India,Amritsar Rural,32,90,0,122,5,27,67,23,0,0,72,50
2021,Punjab,North India,Amritsar Rural,47,104,0,151,5,42,78,26,0,0,83,68
2022,Punjab,North India,Amritsar Rural,48,124,0,172,6,42,81,43,0,0,87,85
2018,Punjab,North India,Barnala,23,24,0,47,0,23,12,12,0,0,12,35
2019,Punjab,North India,Barnala,22,35,0,57,3,19,10,25,0,0,13,44
2020,Punjab,North India,Barnala,13,21,0,34,1,12,11,10,0,0,12,22
2021,Punjab,North India,Barnala,27,43,0,70,0,27,3,40,0,0,3,67
2022,Punjab,North India,Barnala,0,0,0,0,0,0,0,0,0,0,0,0
2018,Punjab,North India,Batala,7,3,0,10,0,7,0,3,0,0,0,10
2019,Punjab,North India,Batala,40,19,0,59,0,40,0,19,0,0,0,59
2020,Punjab,North India,Batala,41,14,0,55,1,40,0,14,0,0,1,54
2021,Punjab,North India,Batala,39,35,0,74,0,39,1,34,0,0,1,73
2022,Punjab,North India,Batala,27,0,0,27,0,27,0,0,0,0,0,27
2018,Punjab,North India,Bathinda,43,13,0,56,6,37,1,12,0,0,7,49
2019,Punjab,North India,Bathinda,64,32,0,96,11,53,5,27,0,0,16,80
2020,Punjab,North India,Bathinda,39,36,0,75,2,37,3,33,0,0,5,70
2021,Punjab,North India,Bathinda,23,19,0,42,0,23,1,18,0,0,1,41
2022,Punjab,North India,Bathinda,60,130,0,190,11,49,79,51,0,0,90,100
2018,Punjab,North India,Bureau of Investigation,0,0,0,0,0,0,0,0,0,0,0,0
2019,Punjab,North India,Bureau of Investigation,0,0,0,0,0,0,0,0,0,0,0,0
2020,Punjab,North India,Bureau of Investigation,0,0,0,0,0,0,0,0,0,0,0,0
2021,Punjab,North India,Bureau of Investigation,0,0,0,0,0,0,0,0,0,0,0,0
2022,Punjab,North India,Bureau of Investigation,0,0,0,0,0,0,0,0,0,0,0,0
2018,Punjab,North India,CP Amritsar,124,135,0,259,13,111,61,74,0,0,74,185
2019,Punjab,North India,CP Amritsar,122,159,0,281,23,99,73,86,0,0,96,185
2020,Punjab,North India,CP Amritsar,79,139,0,218,9,70,67,72,0,0,76,142
2021,Punjab,North India,CP Amritsar,52,125,0,177,6,46,72,53,0,0,78,99
2022,Punjab,North India,CP Amritsar,51,83,0,134,7,44,45,38,0,0,52,82
2018,Punjab,North India,CP Jalandhar,227,254,0,481,0,227,0,254,0,0,0,481
2019,Punjab,North India,CP Jalandhar,198,227,0,425,0,198,0,227,0,0,0,425
2020,Punjab,North India,CP Jalandhar,140,172,0,312,0,140,0,172,0,0,0,312
2021,Punjab,North India,CP Jalandhar,167,295,0,462,0,167,0,295,0,0,0,462
2022,Punjab,North India,CP Jalandhar,195,365,0,560,15,180,76,289,0,0,91,469
2018,Punjab,North India,CP Ludhiana,236,229,0,465,116,120,111,118,0,0,227,238
2019,Punjab,North India,CP Ludhiana,161,201,0,362,61,100,70,131,0,0,131,231
2020,Punjab,North India,CP Ludhiana,60,68,0,128,19,41,25,43,0,0,44,84
2021,Punjab,North India,CP Ludhiana,64,112,0,176,26,38,55,57,0,0,81,95
2022,Punjab,North India,CP Ludhiana,56,77,0,133,25,31,45,32,0,0,70,63
2018,Punjab,North India,Faridkot,26,27,0,53,6,20,20,7,0,0,26,27
2019,Punjab,North India,Faridkot,36,47,0,83,1,35,28,19,0,0,29,54
2020,Punjab,North India,Faridkot,18,11,0,29,0,18,0,11,0,0,0,29
2021,Punjab,North India,Faridkot,1,24,0,25,0,1,24,0,0,0,24,1
2022,Punjab,North India,Faridkot,3,21,0,24,1,2,21,0,0,0,22,2
2018,Punjab,North India,Fatehgarh Sahib,46,32,0,78,5,41,4,28,0,0,9,69
2019,Punjab,North India,Fatehgarh Sahib,37,22,0,59,3,34,1,21,0,0,4,55
2020,Punjab,North India,Fatehgarh Sahib,84,53,0,137,9,75,2,51,0,0,11,126
2021,Punjab,North India,Fatehgarh Sahib,77,80,0,157,5,72,21,59,0,0,26,131
2022,Punjab,North India,Fatehgarh Sahib,5,66,0,71,2,3,42,24,0,0,44,27
2018,Punjab,North India,Fazilka,46,32,0,78,3,43,5,27,0,0,8,70
2019,Punjab,North India,Fazilka,63,48,0,111,12,51,7,41,0,0,19,92
2020,Punjab,North India,Fazilka,51,47,0,98,5,46,6,41,0,0,11,87
2021,Punjab,North India,Fazilka,53,51,0,104,4,49,13,38,0,0,17,87
2022,Punjab,North India,Fazilka,70,73,0,143,11,59,27,46,0,0,38,105
2018,Punjab,North India,Ferozepur,81,78,0,159,4,77,38,40,0,0,42,117
2019,Punjab,North India,Ferozepur,69,88,0,157,1,68,47,41,0,0,48,109
2020,Punjab,North India,Ferozepur,59,64,0,123,0,59,31,33,0,0,31,92
2021,Punjab,North India,Ferozepur,40,104,0,144,1,39,47,57,0,0,48,96
2022,Punjab,North India,Ferozepur,47,84,0,131,0,47,46,38,0,0,46,85
2018,Punjab,North India,GRP,8,8,0,16,0,8,4,4,0,0,4,12
2019,Punjab,North India,GRP,5,9,0,14,2,3,3,6,0,0,5,9
2020,Punjab,North India,GRP,2,3,0,5,1,1,1,2,0,0,2,3
2021,Punjab,North India,GRP,0,3,0,3,0,0,0,3,0,0,0,3
2022,Punjab,North India,GRP,10,3,0,13,3,7,2,1,0,0,5,8
2018,Punjab,North India,Gurdaspur,16,10,0,26,1,15,0,10,0,0,1,25
2019,Punjab,North India,Gurdaspur,20,8,0,28,2,18,2,6,0,0,4,24
2020,Punjab,North India,Gurdaspur,15,9,0,24,2,13,0,9,0,0,2,22
2021,Punjab,North India,Gurdaspur,1,33,0,34,1,0,33,0,0,0,34,0
2022,Punjab,North India,Gurdaspur,18,35,0,53,3,15,25,10,0,0,28,25
2018,Punjab,North India,Hoshiarpur,129,225,0,354,10,119,58,167,0,0,68,286
2019,Punjab,North India,Hoshiarpur,113,220,0,333,11,102,49,171,0,0,60,273
2020,Punjab,North India,Hoshiarpur,43,191,0,234,0,43,42,149,0,0,42,192
2021,Punjab,North India,Hoshiarpur,132,252,0,384,5,127,51,201,0,0,56,328
2022,Punjab,North India,Hoshiarpur,106,224,0,330,11,95,92,132,0,0,103,227
2018,Punjab,North India,Intelligence Wing,0,0,0,0,0,0,0,0,0,0,0,0
2019,Punjab,North India,Intelligence Wing,0,0,0,0,0,0,0,0,0,0,0,0
2020,Punjab,North India,Intelligence Wing,0,0,0,0,0,0,0,0,0,0,0,0
2021,Punjab,North India,Intelligence Wing,0,0,0,0,0,0,0,0,0,0,0,0
2022,Punjab,North India,Intelligence Wing,0,0,0,0,0,0,0,0,0,0,0,0
2018,Punjab,North India,Jalandhar Rural,94,121,0,215,18,76,19,102,0,0,37,178
2019,Punjab,North India,Jalandhar Rural,136,232,0,368,22,114,28,204,0,0,50,318
2020,Punjab,North India,Jalandhar Rural,117,237,0,354,22,95,41,196,0,0,63,291
2021,Punjab,North India,Jalandhar Rural,128,188,0,316,16,112,24,164,0,0,40,276
2022,Punjab,North India,Jalandhar Rural,96,143,0,239,5,91,7,136,0,0,12,227
2018,Punjab,North India,Kapurthala,33,18,0,51,5,28,0,18,0,0,5,46
2019,Punjab,North India,Kapurthala,18,30,0,48,0,18,0,30,0,0,0,48
2020,Punjab,North India,Kapurthala,29,25,0,54,0,29,0,25,0,0,0,54
2021,Punjab,North India,Kapurthala,34,39,0,73,10,24,6,33,0,0,16,57
2022,Punjab,North India,Kapurthala,28,40,0,68,9,19,7,33,0,0,16,52
2018,Punjab,North India,Khanna,62,32,0,94,2,60,3,29,0,0,5,89
2019,Punjab,North India,Khanna,67,50,0,117,8,59,3,47,0,0,11,106
2020,Punjab,North India,Khanna,42,49,0,91,3,39,9,40,0,0,12,79
2021,Punjab,North India,Khanna,69,87,0,156,9,60,16,71,0,0,25,131
2022,Punjab,North India,Khanna,76,84,0,160,8,68,22,62,0,0,30,130
2018,Punjab,North India,Ludhiana Rural,16,4,0,20,0,16,0,4,0,0,0,20
2019,Punjab,North India,Ludhiana Rural,21,8,0,29,0,21,0,8,0,0,0,29
2020,Punjab,North India,Ludhiana Rural,26,9,0,35,0,26,0,9,0,0,0,35
2021,Punjab,North India,Ludhiana Rural,18,17,0,35,1,17,0,17,0,0,1,34
2022,Punjab,North India,Ludhiana Rural,19,75,0,94,2,17,45,30,0,0,47,47
2021,Punjab,North India,Malerkotla,21,3,0,24,15,6,0,3,0,0,15,9
2022,Punjab,North India,Malerkotla,7,23,0,30,1,6,17,6,0,0,18,12
2018,Punjab,North India,Mansa,17,5,0,22,1,16,0,5,0,0,1,21
2019,Punjab,North India,Mansa,25,4,0,29,0,25,1,3,0,0,1,28
2020,Punjab,North India,Mansa,4,5,0,9,0,4,0,5,0,0,0,9
2021,Punjab,North India,Mansa,28,12,0,40,3,25,1,11,0,0,4,36
2022,Punjab,North India,Mansa,54,22,0,76,3,51,1,21,0,0,4,72
2018,Punjab,North India,Moga,46,23,0,69,0,46,0,23,0,0,0,69
2019,Punjab,North India,Moga,59,37,0,96,2,57,1,36,0,0,3,93
2020,Punjab,North India,Moga,65,37,0,102,3,62,2,35,0,0,5,97
2021,Punjab,North India,Moga,56,32,0,88,3,53,2,30,0,0,5,83
2022,Punjab,North India,Moga,80,49,0,129,2,78,1,48,0,0,3,126
2018,Punjab,North India,Muktsar,63,31,0,94,6,57,3,28,0,0,9,85
2019,Punjab,North India,Muktsar,72,29,0,101,10,62,4,25,0,0,14,87
2020,Punjab,North India,Muktsar,53,44,0,97,1,52,2,42,0,0,3,94
2021,Punjab,North India,Muktsar,43,59,0,102,2,41,43,16,0,0,45,57
2022,Punjab,North India,Muktsar,59,141,0,200,5,54,5,136,0,0,10,190
2018,Punjab,North India,NRI Wing,0,0,0,0,0,0,0,0,0,0,0,0
2019,Punjab,North India,NRI Wing,0,0,0,0,0,0,0,0,0,0,0,0
2020,Punjab,North India,NRI Wing,0,0,0,0,0,0,0,0,0,0,0,0
2021,Punjab,North India,NRI Wing,0,0,0,0,0,0,0,0,0,0,0,0
2022,Punjab,North India,NRI Wing,0,0,0,0,0,0,0,0,0,0,0,0
2018,Punjab,North India,Pathankot,12,16,0,28,0,12,2,14,0,0,2,26
2019,Punjab,North India,Pathankot,15,13,0,28,0,15,3,10,0,0,3,25
2020,Punjab,North India,Pathankot,22,16,0,38,2,20,0,16,0,0,2,36
2021,Punjab,North India,Pathankot,1,5,0,6,1,0,5,0,0,0,6,0
2022,Punjab,North India,Pathankot,45,37,0,82,7,38,4,33,0,0,11,71
2018,Punjab,North India,Patiala,95,66,0,161,13,82,14,52,0,0,27,134
2019,Punjab,North India,Patiala,63,202,0,265,28,35,126,76,0,0,154,111
2020,Punjab,North India,Patiala,60,213,0,273,15,45,101,112,0,0,116,157
2021,Punjab,North India,Patiala,62,248,0,310,20,42,122,126,0,0,142,168
2022,Punjab,North India,Patiala,48,172,0,220,24,24,121,51,0,0,145,75
2018,Punjab,North India,Ropar,14,15,0,29,5,9,8,7,0,0,13,16
2019,Punjab,North India,Ropar,48,41,0,89,10,38,25,16,0,0,35,54
2020,Punjab,North India,Ropar,42,40,0,82,4,38,23,17,0,0,27,55
2021,Punjab,North India,Ropar,44,72,0,116,9,35,39,33,0,0,48,68
2022,Punjab,North India,Ropar,48,56,0,104,8,40,26,30,0,0,34,70
2018,Punjab,North India,Sangrur,22,76,0,98,7,15,54,22,0,0,61,37
2019,Punjab,North India,Sangrur,49,119,0,168,25,24,74,45,0,0,99,69
2020,Punjab,North India,Sangrur,28,113,0,141,8,20,79,34,0,0,87,54
2021,Punjab,North India,Sangrur,12,76,0,88,3,9,47,29,0,0,50,38
2022,Punjab,North India,Sangrur,18,74,0,92,11,7,55,19,0,0,66,26
2018,Punjab,North India,SAS Nagar,76,63,0,139,17,59,7,56,0,0,24,115
2019,Punjab,North India,SAS Nagar,46,46,0,92,0,46,0,46,0,0,0,92
2020,Punjab,North India,SAS Nagar,18,24,0,42,0,18,2,22,0,0,2,40
2021,Punjab,North India,SAS Nagar,7,168,0,175,7,0,168,0,0,0,175,0
2022,Punjab,North India,SAS Nagar,0,0,0,0,0,0,0,0,0,0,0,0
2018,Punjab,North India,SBS Nagar,26,35,0,61,3,23,4,31,0,0,7,54
2019,Punjab,North India,SBS Nagar,31,28,0,59,4,27,4,24,0,0,8,51
2020,Punjab,North India,SBS Nagar,20,30,0,50,2,18,15,15,0,0,17,33
2021,Punjab,North India,SBS Nagar,22,27,0,49,1,21,7,20,0,0,8,41
2022,Punjab,North India,SBS Nagar,5,33,0,38,5,0,33,0,0,0,38,0
2018,Punjab,North India,Special Task Force,0,0,0,0,0,0,0,0,0,0,0,0
2019,Punjab,North India,Special Task Force,0,0,0,0,0,0,0,0,0,0,0,0
2020,Punjab,North India,Special Task Force,0,0,0,0,0,0,0,0,0,0,0,0
2021,Punjab,North India,Special Task Force,0,0,0,0,0,0,0,0,0,0,0,0
2022,Punjab,North India,Special Task Force,0,0,0,0,0,0,0,0,0,0,0,0
2018,Punjab,North India,Tarn Taran,31,17,0,48,6,25,2,15,0,0,8,40
2019,Punjab,North India,Tarn Taran,39,19,0,58,2,37,2,17,0,0,4,54
2020,Punjab,North India,Tarn Taran,49,24,0,73,8,41,4,20,0,0,12,61
2021,Punjab,North India,Tarn Taran,64,49,0,113,11,53,2,47,0,0,13,100
2022,Punjab,North India,Tarn Taran,52,63,0,115,1,51,2,61,0,0,3,112
2018,Punjab,North India,Total,1654,1670,0,3324,251,1403,484,1186,0,0,735,2589
2019,Punjab,North India,Total,1680,2079,0,3759,251,1429,643,1436,0,0,894,2865
2020,Punjab,North India,Total Districts ,1251,1784,0,3035,122,1129,533,1251,0,0,655,2380
2021,Punjab,North India,Total Districts ,1332,2362,0,3694,164,1168,881,1481,0,0,1045,2649
2022,Punjab,North India,Total Districts ,1331,2297,0,3628,186,1145,927,1370,0,0,1113,2515
2018,Rajasthan,North India,Ajmer,159,351,3,513,20,139,35,316,3,0,58,455
2019,Rajasthan,North India,Ajmer,328,1064,0,1392,59,269,239,825,0,0,298,1094
2020,Rajasthan,North India,Ajmer,285,947,0,1232,46,239,179,768,0,0,225,1007
2021,Rajasthan,North India,Ajmer,375,1129,0,1504,68,307,227,902,0,0,295,1209
2022,Rajasthan,North India,Ajmer,474,1386,0,1860,63,411,268,1118,0,0,331,1529
2018,Rajasthan,North India,Alwar,238,495,0,733,56,182,142,353,0,0,198,535
2019,Rajasthan,North India,Alwar,173,262,0,435,25,148,34,228,0,0,59,376
2020,Rajasthan,North India,Alwar,128,309,0,437,22,106,73,236,0,0,95,342
2021,Rajasthan,North India,Alwar,192,378,0,570,36,156,83,295,0,0,119,451
2022,Rajasthan,North India,Alwar,260,488,0,748,51,209,124,364,0,0,175,573
2018,Rajasthan,North India,Banswara,56,194,0,250,6,50,12,182,0,0,18,232
2019,Rajasthan,North India,Banswara,81,291,0,372,8,73,16,275,0,0,24,348
2020,Rajasthan,North India,Banswara,75,251,0,326,1,74,5,246,0,0,6,320
2021,Rajasthan,North India,Banswara,109,546,0,655,6,103,197,349,0,0,203,452
2022,Rajasthan,North India,Banswara,168,669,0,837,6,162,231,438,0,0,237,600
2018,Rajasthan,North India,Baran,74,312,0,386,3,71,48,264,0,0,51,335
2019,Rajasthan,North India,Baran,118,453,0,571,10,108,76,377,0,0,86,485
2020,Rajasthan,North India,Baran,87,428,0,515,12,75,74,354,0,0,86,429
2021,Rajasthan,North India,Baran,108,506,0,614,7,101,121,385,0,0,128,486
2022,Rajasthan,North India,Baran,154,628,0,782,20,134,136,492,0,0,156,626
2018,Rajasthan,North India,Barmer,62,132,0,194,10,52,29,103,0,0,39,155
2019,Rajasthan,North India,Barmer,73,202,0,275,9,64,53,149,0,0,62,213
2020,Rajasthan,North India,Barmer,41,173,0,214,5,36,49,124,0,0,54,160
2021,Rajasthan,North India,Barmer,73,274,0,347,9,64,59,215,0,0,68,279
2022,Rajasthan,North India,Barmer,108,313,0,421,16,92,62,251,0,0,78,343
2018,Rajasthan,North India,Bharatpur,76,123,0,199,18,58,8,115,0,0,26,173
2019,Rajasthan,North India,Bharatpur,121,164,0,285,23,98,19,145,0,0,42,243
2020,Rajasthan,North India,Bharatpur,113,178,0,291,14,99,9,169,0,0,23,268
2021,Rajasthan,North India,Bharatpur,103,183,0,286,14,89,8,175,0,0,22,264
2022,Rajasthan,North India,Bharatpur,174,237,0,411,23,151,19,218,0,0,42,369
2018,Rajasthan,North India,Bhilwara,180,726,0,906,22,158,170,556,0,0,192,714
2019,Rajasthan,North India,Bhilwara,231,974,0,1205,34,197,231,743,0,0,265,940
2020,Rajasthan,North India,Bhilwara,170,949,0,1119,11,159,205,744,0,0,216,903
2021,Rajasthan,North India,Bhilwara,227,1064,0,1291,17,210,273,791,0,0,290,1001
2022,Rajasthan,North India,Bhilwara,306,1442,0,1748,30,276,361,1081,0,0,391,1357
2019,Rajasthan,North India,Bhiwadi,154,287,0,441,27,127,85,202,0,0,112,329
2020,Rajasthan,North India,Bhiwadi,107,269,0,376,21,86,89,180,0,0,110,266
2021,Rajasthan,North India,Bhiwadi,152,395,0,547,40,112,127,268,0,0,167,380
2022,Rajasthan,North India,Bhiwadi,222,419,0,641,37,185,118,301,0,0,155,486
2018,Rajasthan,North India,Bikaner,9,66,0,75,5,4,0,66,0,0,5,70
2019,Rajasthan,North India,Bikaner,11,97,0,108,5,6,0,97,0,0,5,103
2020,Rajasthan,North India,Bikaner,0,0,0,0,0,0,0,0,0,0,0,0
2021,Rajasthan,North India,Bikaner,167,420,0,587,9,158,52,368,0,0,61,526
2022,Rajasthan,North India,Bikaner,234,170,0,404,23,211,85,85,0,0,108,296
2018,Rajasthan,North India,Bundi,71,369,0,440,6,65,76,293,0,0,82,358
2019,Rajasthan,North India,Bundi,108,565,0,673,13,95,151,414,0,0,164,509
2020,Rajasthan,North India,Bundi,74,436,0,510,6,68,97,339,0,0,103,407
2021,Rajasthan,North India,Bundi,99,553,0,652,5,94,118,435,0,0,123,529
2022,Rajasthan,North India,Bundi,166,678,0,844,22,144,128,550,0,0,150,694
2018,Rajasthan,North India,Chittorgarh,142,570,0,712,7,135,70,500,0,0,77,635
2019,Rajasthan,North India,Chittorgarh,164,662,0,826,1,163,37,625,0,0,38,788
2020,Rajasthan,North India,Chittorgarh,141,717,0,858,9,132,154,563,0,0,163,695
2021,Rajasthan,North India,Chittorgarh,166,858,0,1024,13,153,189,669,0,0,202,822
2022,Rajasthan,North India,Chittorgarh,211,1066,0,1277,19,192,238,828,0,0,257,1020
2018,Rajasthan,North India,Churu,81,257,0,338,13,68,43,214,0,0,56,282
2019,Rajasthan,North India,Churu,98,229,0,327,24,74,41,188,0,0,65,262
2020,Rajasthan,North India,Churu,63,265,0,328,7,56,35,230,0,0,42,286
2021,Rajasthan,North India,Churu,99,348,0,447,20,79,52,296,0,0,72,375
2022,Rajasthan,North India,Churu,126,491,0,617,20,106,77,414,0,0,97,520
2018,Rajasthan,North India,Dausa,60,95,0,155,14,46,9,86,0,0,23,132
2019,Rajasthan,North India,Dausa,98,149,0,247,26,72,23,126,0,0,49,198
2020,Rajasthan,North India,Dausa,162,168,0,330,10,152,26,142,0,0,36,294
2021,Rajasthan,North India,Dausa,92,183,0,275,21,71,44,139,0,0,65,210
2022,Rajasthan,North India,Dausa,158,229,0,387,39,119,61,168,0,0,100,287
2018,Rajasthan,North India,Dholpur,34,57,0,91,9,25,5,52,0,0,14,77
2019,Rajasthan,North India,Dholpur,47,79,0,126,12,35,8,71,0,0,20,106
2020,Rajasthan,North India,Dholpur,42,87,0,129,7,35,2,85,0,0,9,120
2021,Rajasthan,North India,Dholpur,67,113,0,180,6,61,12,101,0,0,18,162
2022,Rajasthan,North India,Dholpur,97,131,0,228,19,78,9,122,0,0,28,200
2018,Rajasthan,North India,Dungarpur,45,274,0,319,2,43,35,239,0,0,37,282
2019,Rajasthan,North India,Dungarpur,53,337,0,390,3,50,49,288,0,0,52,338
2020,Rajasthan,North India,Dungarpur,53,313,0,366,4,49,53,260,0,0,57,309
2021,Rajasthan,North India,Dungarpur,75,596,0,671,9,66,204,392,0,0,213,458
2022,Rajasthan,North India,Dungarpur,84,678,0,762,8,76,230,448,0,0,238,524
2018,Rajasthan,North India,Ganganagar,175,403,0,578,14,161,25,378,0,0,39,539
2019,Rajasthan,North India,Ganganagar,223,534,0,757,22,201,30,504,0,0,52,705
2020,Rajasthan,North India,Ganganagar,284,1417,0,1701,16,268,4,1413,0,0,20,1681
2021,Rajasthan,North India,Ganganagar,299,864,0,1163,22,277,138,726,0,0,160,1003
2022,Rajasthan,North India,Ganganagar,348,1004,0,1352,22,326,143,861,0,0,165,1187
2018,Rajasthan,North India,GRP Ajmer,20,20,0,40,2,18,0,20,0,0,2,38
2019,Rajasthan,North India,GRP Ajmer,30,13,0,43,1,29,0,13,0,0,1,42
2020,Rajasthan,North India,GRP Ajmer,6,1,0,7,1,5,0,1,0,0,1,6
2021,Rajasthan,North India,GRP Ajmer,9,10,0,19,0,9,0,10,0,0,0,19
2022,Rajasthan,North India,GRP Ajmer,13,17,0,30,0,13,2,15,0,0,2,28
2018,Rajasthan,North India,GRP Jodhpur,8,5,0,13,0,8,1,4,0,0,1,12
2019,Rajasthan,North India,GRP Jodhpur,8,4,0,12,0,8,0,4,0,0,0,12
2020,Rajasthan,North India,GRP Jodhpur,6,3,0,9,1,5,1,2,0,0,2,7
2021,Rajasthan,North India,GRP Jodhpur,10,6,0,16,1,9,0,6,0,0,1,15
2022,Rajasthan,North India,GRP Jodhpur,8,8,0,16,2,6,3,5,0,0,5,11
2018,Rajasthan,North India,Hanumangarh,122,294,0,416,7,115,38,256,0,0,45,371
2019,Rajasthan,North India,Hanumangarh,153,456,0,609,17,136,90,366,0,0,107,502
2020,Rajasthan,North India,Hanumangarh,132,412,0,544,7,125,58,354,0,0,65,479
2021,Rajasthan,North India,Hanumangarh,137,471,0,608,4,133,78,393,0,0,82,526
2022,Rajasthan,North India,Hanumangarh,205,611,0,816,14,191,110,501,0,0,124,692
2019,Rajasthan,North India,Jaipur Crime,0,0,0,0,0,0,0,0,0,0,0,0
2020,Rajasthan,North India,Jaipur Crime,0,0,0,0,0,0,0,0,0,0,0,0
2021,Rajasthan,North India,Jaipur Crime,0,0,0,0,0,0,0,0,0,0,0,0
2022,Rajasthan,North India,Jaipur Crime,0,0,0,0,0,0,0,0,0,0,0,0
2018,Rajasthan,North India,Jaipur East,265,330,0,595,17,248,32,298,0,0,49,546
2019,Rajasthan,North India,Jaipur East,315,375,0,690,22,293,43,332,0,0,65,625
2020,Rajasthan,North India,Jaipur East,186,338,0,524,6,180,17,321,0,0,23,501
2021,Rajasthan,North India,Jaipur East,261,438,0,699,38,223,75,363,0,0,113,586
2022,Rajasthan,North India,Jaipur East,337,569,0,906,51,286,117,452,0,0,168,738
2018,Rajasthan,North India,Jaipur Metro,0,0,0,0,0,0,0,0,0,0,0,0
2019,Rajasthan,North India,Jaipur Metro,0,0,0,0,0,0,0,0,0,0,0,0
2020,Rajasthan,North India,Jaipur Metro,0,0,0,0,0,0,0,0,0,0,0,0
2021,Rajasthan,North India,Jaipur Metro,0,0,0,0,0,0,0,0,0,0,0,0
2022,Rajasthan,North India,Jaipur Metro,0,0,0,0,0,0,0,0,0,0,0,0
2018,Rajasthan,North India,Jaipur North,167,321,0,488,23,144,57,264,0,0,80,408
2019,Rajasthan,North India,Jaipur North,297,430,0,727,50,247,91,339,0,0,141,586
2020,Rajasthan,North India,Jaipur North,166,351,0,517,18,148,69,282,0,0,87,430
2021,Rajasthan,North India,Jaipur North,211,390,0,601,22,189,81,309,0,0,103,498
2022,Rajasthan,North India,Jaipur North,287,481,0,768,36,251,93,388,0,0,129,639
2018,Rajasthan,North India,Jaipur Rural,142,236,0,378,28,114,20,216,0,0,48,330
2019,Rajasthan,North India,Jaipur Rural,169,315,0,484,35,134,40,275,0,0,75,409
2020,Rajasthan,North India,Jaipur Rural,180,243,0,423,5,175,55,188,0,0,60,363
2021,Rajasthan,North India,Jaipur Rural,170,424,0,594,28,142,75,349,0,0,103,491
2022,Rajasthan,North India,Jaipur Rural,202,482,0,684,31,171,102,380,0,0,133,551
2018,Rajasthan,North India,Jaipur South,152,240,0,392,20,132,43,197,0,0,63,329
2019,Rajasthan,North India,Jaipur South,204,310,0,514,27,177,55,255,0,0,82,432
2020,Rajasthan,North India,Jaipur South,220,402,0,622,34,186,98,304,0,0,132,490
2021,Rajasthan,North India,Jaipur South,304,436,0,740,49,255,85,351,0,0,134,606
2022,Rajasthan,North India,Jaipur South,327,528,0,855,39,288,115,413,0,0,154,701
2018,Rajasthan,North India,Jaipur West,282,404,0,686,49,233,88,316,0,0,137,549
2019,Rajasthan,North India,Jaipur West,438,599,0,1037,65,373,129,470,0,0,194,843
2020,Rajasthan,North India,Jaipur West,234,390,0,624,32,202,99,291,0,0,131,493
2021,Rajasthan,North India,Jaipur West,327,582,0,909,50,277,130,452,0,0,180,729
2022,Rajasthan,North India,Jaipur West,448,755,0,1203,74,374,158,597,0,0,232,971
2018,Rajasthan,North India,Jaisalmer,21,34,0,55,3,18,5,29,0,0,8,47
2019,Rajasthan,North India,Jaisalmer,34,47,0,81,7,27,14,33,0,0,21,60
2020,Rajasthan,North India,Jaisalmer,19,47,0,66,1,18,10,37,0,0,11,55
2021,Rajasthan,North India,Jaisalmer,22,51,0,73,3,19,7,44,0,0,10,63
2022,Rajasthan,North India,Jaisalmer,32,41,0,73,1,31,8,33,0,0,9,64
2018,Rajasthan,North India,Jalore,59,310,0,369,13,46,52,258,0,0,65,304
2019,Rajasthan,North India,Jalore,74,353,0,427,13,61,79,274,0,0,92,335
2020,Rajasthan,North India,Jalore,56,334,0,390,5,51,62,272,0,0,67,323
2021,Rajasthan,North India,Jalore,79,416,0,495,11,68,75,341,0,0,86,409
2022,Rajasthan,North India,Jalore,109,484,0,593,15,94,80,404,0,0,95,498
2018,Rajasthan,North India,Jhalawar,118,433,0,551,16,102,141,292,0,0,157,394
2019,Rajasthan,North India,Jhalawar,162,549,0,711,27,135,141,408,0,0,168,543
2020,Rajasthan,North India,Jhalawar,88,504,0,592,10,78,125,379,0,0,135,457
2021,Rajasthan,North India,Jhalawar,147,614,0,761,11,136,168,446,0,0,179,582
2022,Rajasthan,North India,Jhalawar,191,674,0,865,22,169,156,518,0,0,178,687
2018,Rajasthan,North India,Jhunjhunu,132,406,0,538,27,105,68,338,0,0,95,443
2019,Rajasthan,North India,Jhunjhunu,173,490,0,663,36,137,81,409,0,0,117,546
2020,Rajasthan,North India,Jhunjhunu,82,434,0,516,10,72,59,375,0,0,69,447
2021,Rajasthan,North India,Jhunjhunu,172,80,0,252,28,144,80,0,0,0,108,144
2022,Rajasthan,North India,Jhunjhunu,165,727,0,892,31,134,103,624,0,0,134,758
2018,Rajasthan,North India,Jodhpur East,123,206,0,329,15,108,33,173,0,0,48,281
2019,Rajasthan,North India,Jodhpur East,155,260,0,415,19,136,53,207,0,0,72,343
2020,Rajasthan,North India,Jodhpur East,89,209,0,298,3,86,37,172,0,0,40,258
2021,Rajasthan,North India,Jodhpur East,140,288,0,428,17,123,44,244,0,0,61,367
2022,Rajasthan,North India,Jodhpur East,205,326,0,531,33,172,56,270,0,0,89,442
2018,Rajasthan,North India,Jodhpur Rural,50,157,0,207,7,43,32,125,0,0,39,168
2019,Rajasthan,North India,Jodhpur Rural,66,162,0,228,16,50,58,104,0,0,74,154
2020,Rajasthan,North India,Jodhpur Rural,65,175,0,240,10,55,45,130,0,0,55,185
2021,Rajasthan,North India,Jodhpur Rural,65,215,0,280,4,61,34,181,0,0,38,242
2022,Rajasthan,North India,Jodhpur Rural,83,294,0,377,17,66,64,230,0,0,81,296
2018,Rajasthan,North India,Jodhpur West,141,246,0,387,16,125,33,213,0,0,49,338
2019,Rajasthan,North India,Jodhpur West,195,327,0,522,25,170,63,264,0,0,88,434
2020,Rajasthan,North India,Jodhpur West,151,255,0,406,17,134,49,206,0,0,66,340
2021,Rajasthan,North India,Jodhpur West,189,355,0,544,18,171,59,296,0,0,77,467
2022,Rajasthan,North India,Jodhpur West,268,447,0,715,29,239,88,359,0,0,117,598
2018,Rajasthan,North India,Karauli,35,60,0,95,1,34,4,56,0,0,5,90
2019,Rajasthan,North India,Karauli,52,89,0,141,10,42,4,85,0,0,14,127
2020,Rajasthan,North India,Karauli,49,87,0,136,7,42,4,83,0,0,11,125
2021,Rajasthan,North India,Karauli,67,117,0,184,12,55,29,88,0,0,41,143
2022,Rajasthan,North India,Karauli,96,137,0,233,27,69,15,122,0,0,42,191
2018,Rajasthan,North India,Kota City,312,663,0,975,69,243,127,536,0,0,196,779
2019,Rajasthan,North India,Kota City,416,788,0,1204,75,341,164,624,0,0,239,965
2020,Rajasthan,North India,Kota City,246,632,0,878,35,211,110,522,0,0,145,733
2021,Rajasthan,North India,Kota City,306,689,0,995,44,262,113,576,0,0,157,838
2022,Rajasthan,North India,Kota City,358,800,0,1158,62,296,158,642,0,0,220,938
2018,Rajasthan,North India,Kota Rural,56,309,0,365,9,47,50,259,0,0,59,306
2019,Rajasthan,North India,Kota Rural,76,460,0,536,10,66,113,347,0,0,123,413
2020,Rajasthan,North India,Kota Rural,67,384,0,451,5,62,75,309,0,0,80,371
2021,Rajasthan,North India,Kota Rural,107,493,0,600,9,98,71,422,0,0,80,520
2022,Rajasthan,North India,Kota Rural,125,540,0,665,16,109,80,460,0,0,96,569
2018,Rajasthan,North India,Nagaur,140,472,0,612,27,113,93,379,0,0,120,492
2019,Rajasthan,North India,Nagaur,130,546,0,676,25,105,107,439,0,0,132,544
2020,Rajasthan,North India,Nagaur,125,450,0,575,14,111,93,357,0,0,107,468
2021,Rajasthan,North India,Nagaur,127,604,0,731,14,113,120,484,0,0,134,597
2022,Rajasthan,North India,Nagaur,197,746,0,943,24,173,141,605,0,0,165,778
2018,Rajasthan,North India,Pali,137,572,0,709,37,100,26,546,0,0,63,646
2019,Rajasthan,North India,Pali,28,206,0,234,6,22,45,161,0,0,51,183
2020,Rajasthan,North India,Pali,315,1023,0,1338,70,245,76,947,0,0,146,1192
2021,Rajasthan,North India,Pali,137,1042,0,1179,15,122,147,895,0,0,162,1017
2022,Rajasthan,North India,Pali,185,1101,0,1286,23,162,154,947,0,0,177,1109
2018,Rajasthan,North India,Pratapgarh,38,218,0,256,3,35,60,158,0,0,63,193
2019,Rajasthan,North India,Pratapgarh,52,194,0,246,0,52,1,193,0,0,1,245
2020,Rajasthan,North India,Pratapgarh,53,277,0,330,6,47,71,206,0,0,77,253
2021,Rajasthan,North India,Pratapgarh,83,356,0,439,3,80,94,262,0,0,97,342
2022,Rajasthan,North India,Pratapgarh,101,513,0,614,5,96,128,385,0,0,133,481
2018,Rajasthan,North India,Rajsamand,81,506,0,587,7,74,79,427,0,0,86,501
2019,Rajasthan,North India,Rajsamand,109,706,0,815,7,102,116,590,0,0,123,692
2020,Rajasthan,North India,Rajsamand,94,672,0,766,11,83,105,567,0,0,116,650
2021,Rajasthan,North India,Rajsamand,129,736,0,865,13,116,141,595,0,0,154,711
2022,Rajasthan,North India,Rajsamand,145,838,0,983,12,133,141,697,0,0,153,830
2018,Rajasthan,North India,Sawai Madhopur,55,106,0,161,18,37,10,96,0,0,28,133
2019,Rajasthan,North India,Sawai Madhopur,80,160,0,240,27,53,6,154,0,0,33,207
2020,Rajasthan,North India,Sawai Madhopur,34,125,0,159,8,26,6,119,0,0,14,145
2021,Rajasthan,North India,Sawai Madhopur,60,169,0,229,13,47,4,165,0,0,17,212
2022,Rajasthan,North India,Sawai Madhopur,120,172,0,292,29,91,16,156,0,0,45,247
2018,Rajasthan,North India,SCRB,0,0,0,0,0,0,0,0,0,0,0,0
2019,Rajasthan,North India,SCRB,0,0,0,0,0,0,0,0,0,0,0,0
2020,Rajasthan,North India,SCRB,0,0,0,0,0,0,0,0,0,0,0,0
2021,Rajasthan,North India,SCRB,0,0,0,0,0,0,0,0,0,0,0,0
2022,Rajasthan,North India,SCRB,0,0,0,0,0,0,0,0,0,0,0,0
2018,Rajasthan,North India,Sikar,159,427,0,586,33,126,45,382,0,0,78,508
2019,Rajasthan,North India,Sikar,232,485,0,717,40,192,75,410,0,0,115,602
2020,Rajasthan,North India,Sikar,146,516,0,662,25,121,98,418,0,0,123,539
2021,Rajasthan,North India,Sikar,188,685,0,873,38,150,135,550,0,0,173,700
2022,Rajasthan,North India,Sikar,217,830,0,1047,44,173,139,691,0,0,183,864
2018,Rajasthan,North India,Sirohi,56,240,0,296,3,53,25,215,0,0,28,268
2019,Rajasthan,North India,Sirohi,75,292,0,367,15,60,24,268,0,0,39,328
2020,Rajasthan,North India,Sirohi,57,313,0,370,5,52,36,277,0,0,41,329
2021,Rajasthan,North India,Sirohi,86,392,0,478,13,73,71,321,0,0,84,394
2022,Rajasthan,North India,Sirohi,90,526,0,616,8,82,79,447,0,0,87,529
2018,Rajasthan,North India,SOG,0,0,0,0,0,0,0,0,0,0,0,0
2019,Rajasthan,North India,SOG,0,0,0,0,0,0,0,0,0,0,0,0
2020,Rajasthan,North India,SOG,0,0,0,0,0,0,0,0,0,0,0,0
2021,Rajasthan,North India,SOG,0,0,0,0,0,0,0,0,0,0,0,0
2022,Rajasthan,North India,SOG,0,0,0,0,0,0,0,0,0,0,0,0
2018,Rajasthan,North India,SSB,0,0,0,0,0,0,0,0,0,0,0,0
2019,Rajasthan,North India,SSB,0,0,0,0,0,0,0,0,0,0,0,0
2020,Rajasthan,North India,SSB,0,0,0,0,0,0,0,0,0,0,0,0
2021,Rajasthan,North India,SSB,0,0,0,0,0,0,0,0,0,0,0,0
2022,Rajasthan,North India,SSB,0,0,0,0,0,0,0,0,0,0,0,0
2018,Rajasthan,North India,Tonk,61,219,0,280,4,57,5,214,0,0,9,271
2019,Rajasthan,North India,Tonk,78,289,0,367,13,65,22,267,0,0,35,332
2020,Rajasthan,North India,Tonk,54,266,0,320,5,49,16,250,0,0,21,299
2021,Rajasthan,North India,Tonk,84,334,0,418,7,77,62,272,0,0,69,349
2022,Rajasthan,North India,Tonk,111,378,0,489,10,101,44,334,0,0,54,435
2018,Rajasthan,North India,Total,4609,12525,3,17137,666,3943,1902,10623,3,0,2571,14566
2019,Rajasthan,North India,Total,6138,16155,0,22293,894,5244,2761,13394,0,0,3655,18638
2020,Rajasthan,North India,Total Districts ,4944,16601,0,21545,551,4393,2628,13973,0,0,3179,18366
2021,Rajasthan,North India,Total Districts ,6291,20029,0,26320,803,5488,4133,15896,0,0,4936,21384
2022,Rajasthan,North India,Total Districts ,8262,24805,0,33067,1121,7141,5073,19732,0,0,6194,26873
2018,Rajasthan,North India,Udaipur,215,667,0,882,7,208,28,639,0,0,35,847
2019,Rajasthan,North India,Udaipur,256,901,0,1157,5,251,55,846,0,0,60,1097
2020,Rajasthan,North India,Udaipur,199,851,0,1050,9,190,100,751,0,0,109,941
2021,Rajasthan,North India,Udaipur,271,1226,0,1497,36,235,251,975,0,0,287,1210
2022,Rajasthan,North India,Udaipur,347,1751,0,2098,48,299,433,1318,0,0,481,1617
2021,Sikkim,North East,CID,0,0,0,0,0,0,0,0,0,0,0,0
2018,Sikkim,North East,East,39,53,0,92,18,21,22,31,0,0,40,52
2019,Sikkim,North East,East,37,91,0,128,13,24,20,71,0,0,33,95
2020,Sikkim,North East,East,20,50,0,70,0,20,7,43,0,0,7,63
2021,Sikkim,North East,East,33,64,0,97,1,32,4,60,0,0,5,92
2022,Sikkim,North East,Gangtok (East),19,41,0,60,3,16,1,40,0,0,4,56
2022,Sikkim,North East,Mangan (North),14,2,0,16,7,7,1,1,0,0,8,8
2022,Sikkim,North East,Namchi (South),11,22,0,33,0,11,3,19,0,0,3,30
2018,Sikkim,North East,North,6,2,0,8,4,2,0,2,0,0,4,4
2019,Sikkim,North East,North,2,1,0,3,0,2,1,0,0,0,1,2
2020,Sikkim,North East,North,1,0,0,1,0,1,0,0,0,0,0,1
2021,Sikkim,North East,North,2,3,0,5,0,2,1,2,0,0,1,4
2022,Sikkim,North East,Pakyong (East),11,14,0,25,0,11,1,13,0,0,1,24
2022,Sikkim,North East,Soreng (West),5,6,0,11,0,5,0,6,0,0,0,11
2018,Sikkim,North East,South,34,0,0,34,7,27,0,0,0,0,7,27
2019,Sikkim,North East,South,5,11,0,16,0,5,3,8,0,0,3,13
2020,Sikkim,North East,South,12,23,0,35,0,12,2,21,0,0,2,33
2021,Sikkim,North East,South,12,23,0,35,1,11,1,22,0,0,2,33
2018,Sikkim,North East,Total,99,81,0,180,30,69,24,57,0,0,54,126
2019,Sikkim,North East,Total,60,136,0,196,13,47,25,111,0,0,38,158
2020,Sikkim,North East,Total Districts ,38,95,0,133,0,38,11,84,0,0,11,122
2021,Sikkim,North East,Total Districts ,51,118,0,169,2,49,6,112,0,0,8,161
2022,Sikkim,North East,Total Districts ,60,85,0,145,10,50,6,79,0,0,16,129
2018,Sikkim,North East,West,20,26,0,46,1,19,2,24,0,0,3,43
2019,Sikkim,North East,West,16,33,0,49,0,16,1,32,0,0,1,48
2020,Sikkim,North East,West,5,22,0,27,0,5,2,20,0,0,2,25
2021,Sikkim,North East,West,4,28,0,32,0,4,0,28,0,0,0,32
2018,Tamil Nadu,South India,Ariyalur,33,104,0,137,14,19,29,75,0,0,43,94
2019,Tamil Nadu,South India,Ariyalur,35,140,0,175,13,22,35,105,0,0,48,127
2020,Tamil Nadu,South India,Ariyalur,47,241,0,288,13,34,64,177,0,0,77,211
2021,Tamil Nadu,South India,Ariyalur,45,247,0,292,12,33,72,175,0,0,84,208
2022,Tamil Nadu,South India,Ariyalur,53,213,0,266,22,31,69,144,0,0,91,175
2022,Tamil Nadu,South India,Avadi,573,958,2,1533,122,451,206,752,0,2,328,1205
2020,Tamil Nadu,South India,Chengalpattu,95,340,0,435,29,66,71,269,0,0,100,335
2021,Tamil Nadu,South India,Chengalpattu,151,428,0,579,23,128,76,352,0,0,99,480
2022,Tamil Nadu,South India,Chengalpattu,126,379,0,505,37,89,65,314,0,0,102,403
2018,Tamil Nadu,South India,Chennai,1378,2103,0,3481,281,1097,575,1528,0,0,856,2625
2019,Tamil Nadu,South India,Chennai,1328,2139,2,3469,252,1076,577,1562,0,2,829,2640
2020,Tamil Nadu,South India,Chennai,1082,2097,1,3180,180,902,551,1546,0,1,731,2449
2021,Tamil Nadu,South India,Chennai,1397,2596,0,3993,245,1152,768,1828,0,0,1013,2980
2022,Tamil Nadu,South India,Chennai,1031,1786,0,2817,165,866,441,1345,0,0,606,2211
2018,Tamil Nadu,South India,Coimbatore,95,231,1,327,14,81,67,164,0,1,81,246
2019,Tamil Nadu,South India,Coimbatore,140,397,0,537,16,124,121,276,0,0,137,400
2020,Tamil Nadu,South India,Coimbatore,129,374,1,504,21,108,149,225,0,1,170,334
2021,Tamil Nadu,South India,Coimbatore,204,634,0,838,45,159,209,425,0,0,254,584
2022,Tamil Nadu,South India,Coimbatore,257,638,0,895,61,196,148,490,0,0,209,686
2018,Tamil Nadu,South India,Coimbatore City,117,193,0,310,27,90,67,126,0,0,94,216
2019,Tamil Nadu,South India,Coimbatore City,164,295,0,459,36,128,111,184,0,0,147,312
2020,Tamil Nadu,South India,Coimbatore City,111,230,0,341,28,83,76,154,0,0,104,237
2021,Tamil Nadu,South India,Coimbatore City,185,368,0,553,30,155,86,282,0,0,116,437
2022,Tamil Nadu,South India,Coimbatore City,325,555,0,880,84,241,107,448,0,0,191,689
2018,Tamil Nadu,South India,Cuddalore,79,219,0,298,10,69,63,156,0,0,73,225
2019,Tamil Nadu,South India,Cuddalore,81,271,0,352,12,69,53,218,0,0,65,287
2020,Tamil Nadu,South India,Cuddalore,81,294,0,375,12,69,41,253,0,0,53,322
2021,Tamil Nadu,South India,Cuddalore,127,509,0,636,12,115,46,463,0,0,58,578
2022,Tamil Nadu,South India,Cuddalore,216,784,0,1000,19,197,54,730,0,0,73,927
2018,Tamil Nadu,South India,Cyber Cell,0,0,0,0,0,0,0,0,0,0,0,0
2019,Tamil Nadu,South India,Cyber Cell,0,0,0,0,0,0,0,0,0,0,0,0
2020,Tamil Nadu,South India,Cyber Cell,0,0,0,0,0,0,0,0,0,0,0,0
2021,Tamil Nadu,South India,Cyber Cell,0,0,0,0,0,0,0,0,0,0,0,0
2022,Tamil Nadu,South India,Cyber Cell,0,0,0,0,0,0,0,0,0,0,0,0
2018,Tamil Nadu,South India,Dharmapuri,25,67,0,92,11,14,25,42,0,0,36,56
2019,Tamil Nadu,South India,Dharmapuri,35,87,0,122,13,22,50,37,0,0,63,59
2020,Tamil Nadu,South India,Dharmapuri,30,133,0,163,9,21,67,66,0,0,76,87
2021,Tamil Nadu,South India,Dharmapuri,47,203,0,250,21,26,81,122,0,0,102,148
2022,Tamil Nadu,South India,Dharmapuri,57,255,0,312,21,36,98,157,0,0,119,193
2018,Tamil Nadu,South India,Dindigul,90,188,0,278,34,56,75,113,0,0,109,169
2019,Tamil Nadu,South India,Dindigul,98,209,0,307,34,64,93,116,0,0,127,180
2020,Tamil Nadu,South India,Dindigul,68,230,0,298,24,44,98,132,0,0,122,176
2021,Tamil Nadu,South India,Dindigul,169,620,0,789,59,110,237,383,0,0,296,493
2022,Tamil Nadu,South India,Dindigul,200,626,0,826,60,140,217,409,0,0,277,549
2018,Tamil Nadu,South India,Erode,85,152,0,237,27,58,38,114,0,0,65,172
2019,Tamil Nadu,South India,Erode,133,374,0,507,37,96,104,270,0,0,141,366
2020,Tamil Nadu,South India,Erode,139,517,0,656,36,103,155,362,0,0,191,465
2021,Tamil Nadu,South India,Erode,114,401,0,515,30,84,175,226,0,0,205,310
2022,Tamil Nadu,South India,Erode,150,347,0,497,54,96,186,161,0,0,240,257
2020,Tamil Nadu,South India,Kallakurichi,21,99,0,120,5,16,37,62,0,0,42,78
2021,Tamil Nadu,South India,Kallakurichi,91,170,0,261,24,67,77,93,0,0,101,160
2022,Tamil Nadu,South India,Kallakurichi,70,307,0,377,13,57,89,218,0,0,102,275
2018,Tamil Nadu,South India,Kanchipuram,209,679,0,888,46,163,152,527,0,0,198,690
2019,Tamil Nadu,South India,Kanchipuram,281,647,0,928,43,238,122,525,0,0,165,763
2020,Tamil Nadu,South India,Kanchipuram,76,253,0,329,14,62,34,219,0,0,48,281
2021,Tamil Nadu,South India,Kanchipuram,100,363,0,463,6,94,46,317,0,0,52,411
2022,Tamil Nadu,South India,Kanchipuram,97,303,0,400,13,84,54,249,0,0,67,333
2018,Tamil Nadu,South India,Kanyakumari,586,222,0,808,53,533,34,188,0,0,87,721
2019,Tamil Nadu,South India,Kanyakumari,162,263,0,425,34,128,28,235,0,0,62,363
2020,Tamil Nadu,South India,Kanyakumari,158,255,0,413,33,125,30,225,0,0,63,350
2021,Tamil Nadu,South India,Kanyakumari,173,328,1,502,48,125,49,279,0,1,97,405
2022,Tamil Nadu,South India,Kanyakumari,192,285,0,477,45,147,50,235,0,0,95,382
2018,Tamil Nadu,South India,Karur,20,98,0,118,7,13,46,52,0,0,53,65
2019,Tamil Nadu,South India,Karur,36,139,0,175,7,29,48,91,0,0,55,120
2020,Tamil Nadu,South India,Karur,57,187,0,244,13,44,59,128,0,0,72,172
2021,Tamil Nadu,South India,Karur,56,256,0,312,15,41,77,179,0,0,92,220
2022,Tamil Nadu,South India,Karur,72,250,0,322,27,45,75,175,0,0,102,220
2018,Tamil Nadu,South India,Krishnagiri,88,188,0,276,22,66,47,141,0,0,69,207
2019,Tamil Nadu,South India,Krishnagiri,60,139,0,199,19,41,42,97,0,0,61,138
2020,Tamil Nadu,South India,Krishnagiri,57,133,0,190,13,44,44,89,0,0,57,133
2021,Tamil Nadu,South India,Krishnagiri,68,164,0,232,25,43,57,107,0,0,82,150
2022,Tamil Nadu,South India,Krishnagiri,175,292,0,467,44,131,110,182,0,0,154,313
2018,Tamil Nadu,South India,Madurai,139,332,0,471,46,93,96,236,0,0,142,329
2019,Tamil Nadu,South India,Madurai,117,342,0,459,35,82,92,250,0,0,127,332
2020,Tamil Nadu,South India,Madurai,126,377,0,503,34,92,109,268,0,0,143,360
2021,Tamil Nadu,South India,Madurai,173,504,0,677,50,123,135,369,0,0,185,492
2022,Tamil Nadu,South India,Madurai,204,601,0,805,54,150,200,401,0,0,254,551
2018,Tamil Nadu,South India,Madurai City,206,305,0,511,60,146,78,227,0,0,138,373
2019,Tamil Nadu,South India,Madurai City,185,393,0,578,62,123,102,291,0,0,164,414
2020,Tamil Nadu,South India,Madurai City,136,370,0,506,30,106,67,303,0,0,97,409
2021,Tamil Nadu,South India,Madurai City,217,479,0,696,45,172,105,374,0,0,150,546
2022,Tamil Nadu,South India,Madurai City,313,576,0,889,79,234,131,445,0,0,210,679
2018,Tamil Nadu,South India,Nagapattinam,43,171,0,214,15,28,48,123,0,0,63,151
2019,Tamil Nadu,South India,Nagapattinam,49,177,0,226,19,30,54,123,0,0,73,153
2020,Tamil Nadu,South India,Nagapattinam,41,191,0,232,11,30,46,145,0,0,57,175
2021,Tamil Nadu,South India,Nagapattinam,77,317,0,394,28,49,58,259,0,0,86,308
2022,Tamil Nadu,South India,Nagapattinam,121,347,0,468,33,88,83,264,0,0,116,352
2018,Tamil Nadu,South India,Namakkal,42,55,0,97,14,28,19,36,0,0,33,64
2019,Tamil Nadu,South India,Namakkal,46,79,0,125,13,33,28,51,0,0,41,84
2020,Tamil Nadu,South India,Namakkal,70,275,0,345,22,48,85,190,0,0,107,238
2021,Tamil Nadu,South India,Namakkal,104,418,0,522,33,71,126,292,0,0,159,363
2022,Tamil Nadu,South India,Namakkal,173,423,0,596,57,116,114,309,0,0,171,425
2018,Tamil Nadu,South India,Nilgiris,19,43,0,62,8,11,17,26,0,0,25,37
2019,Tamil Nadu,South India,Nilgiris,20,37,0,57,4,16,19,18,0,0,23,34
2020,Tamil Nadu,South India,Nilgiris,30,87,0,117,13,17,37,50,0,0,50,67
2021,Tamil Nadu,South India,Nilgiris,42,122,0,164,12,30,49,73,0,0,61,103
2022,Tamil Nadu,South India,Nilgiris,42,112,0,154,9,33,43,69,0,0,52,102
2018,Tamil Nadu,South India,Other Units,0,0,0,0,0,0,0,0,0,0,0,0
2019,Tamil Nadu,South India,Other Units,0,0,0,0,0,0,0,0,0,0,0,0
2020,Tamil Nadu,South India,Other Units,0,0,0,0,0,0,0,0,0,0,0,0
2021,Tamil Nadu,South India,Other Units,0,0,0,0,0,0,0,0,0,0,0,0
2022,Tamil Nadu,South India,Other Units,0,0,0,0,0,0,0,0,0,0,0,0
2018,Tamil Nadu,South India,Perambalur,33,159,0,192,9,24,65,94,0,0,74,118
2019,Tamil Nadu,South India,Perambalur,23,136,0,159,6,17,57,79,0,0,63,96
2020,Tamil Nadu,South India,Perambalur,24,115,0,139,4,20,35,80,0,0,39,100
2021,Tamil Nadu,South India,Perambalur,54,219,0,273,16,38,67,152,0,0,83,190
2022,Tamil Nadu,South India,Perambalur,47,149,0,196,12,35,44,105,0,0,56,140
2018,Tamil Nadu,South India,Pudukottai,34,122,0,156,11,23,35,87,0,0,46,110
2019,Tamil Nadu,South India,Pudukottai,40,169,0,209,5,35,38,131,0,0,43,166
2020,Tamil Nadu,South India,Pudukottai,72,320,0,392,16,56,66,254,0,0,82,310
2021,Tamil Nadu,South India,Pudukottai,125,468,0,593,39,86,87,381,0,0,126,467
2022,Tamil Nadu,South India,Pudukottai,148,551,0,699,20,128,77,474,0,0,97,602
2018,Tamil Nadu,South India,Railway Chennai,26,19,0,45,5,21,3,16,0,0,8,37
2019,Tamil Nadu,South India,Railway Chennai,33,23,0,56,3,30,4,19,0,0,7,49
2020,Tamil Nadu,South India,Railway Chennai,7,10,0,17,4,3,6,4,0,0,10,7
2021,Tamil Nadu,South India,Railway Chennai,17,5,0,22,1,16,0,5,0,0,1,21
2022,Tamil Nadu,South India,Railway Chennai,12,15,0,27,1,11,5,10,0,0,6,21
2018,Tamil Nadu,South India,Railway Trichy,6,5,0,11,0,6,0,5,0,0,0,11
2019,Tamil Nadu,South India,Railway Trichy,8,3,0,11,0,8,0,3,0,0,0,11
2020,Tamil Nadu,South India,Railway Trichy,0,2,0,2,0,0,1,1,0,0,1,1
2021,Tamil Nadu,South India,Railway Trichy,2,5,0,7,0,2,0,5,0,0,0,7
2022,Tamil Nadu,South India,Railway Trichy,9,12,0,21,2,7,2,10,0,0,4,17
2018,Tamil Nadu,South India,Ramnathapuram,73,189,0,262,27,46,48,141,0,0,75,187
2019,Tamil Nadu,South India,Ramnathapuram,79,218,0,297,24,55,56,162,0,0,80,217
2020,Tamil Nadu,South India,Ramnathapuram,71,267,0,338,24,47,52,215,0,0,76,262
2021,Tamil Nadu,South India,Ramnathapuram,99,307,0,406,35,64,46,261,0,0,81,325
2022,Tamil Nadu,South India,Ramnathapuram,84,234,0,318,22,62,28,206,0,0,50,268
2020,Tamil Nadu,South India,Ranipet,73,255,0,328,22,51,64,191,0,0,86,242
2021,Tamil Nadu,South India,Ranipet,68,243,0,311,10,58,66,177,0,0,76,235
2022,Tamil Nadu,South India,Ranipet,68,252,0,320,11,57,75,177,0,0,86,234
2018,Tamil Nadu,South India,Salem,91,247,0,338,27,64,102,145,0,0,129,209
2019,Tamil Nadu,South India,Salem,70,224,0,294,13,57,85,139,0,0,98,196
2020,Tamil Nadu,South India,Salem,62,256,0,318,17,45,125,131,0,0,142,176
2021,Tamil Nadu,South India,Salem,81,363,0,444,24,57,149,214,0,0,173,271
2022,Tamil Nadu,South India,Salem,124,445,0,569,44,80,160,285,0,0,204,365
2018,Tamil Nadu,South India,Salem City,52,107,0,159,21,31,38,69,0,0,59,100
2019,Tamil Nadu,South India,Salem City,69,108,0,177,16,53,41,67,0,0,57,120
2020,Tamil Nadu,South India,Salem City,105,237,0,342,36,69,71,166,0,0,107,235
2021,Tamil Nadu,South India,Salem City,151,359,1,511,50,101,77,282,1,0,128,383
2022,Tamil Nadu,South India,Salem City,180,332,1,513,43,137,47,285,0,1,90,423
2018,Tamil Nadu,South India,Sivagangai,32,109,0,141,13,19,23,86,0,0,36,105
2019,Tamil Nadu,South India,Sivagangai,50,133,0,183,14,36,48,85,0,0,62,121
2020,Tamil Nadu,South India,Sivagangai,37,151,0,188,7,30,47,104,0,0,54,134
2021,Tamil Nadu,South India,Sivagangai,85,313,0,398,27,58,105,208,0,0,132,266
2022,Tamil Nadu,South India,Sivagangai,106,369,0,475,31,75,99,270,0,0,130,345
2022,Tamil Nadu,South India,Tambaram,243,482,0,725,44,199,119,363,0,0,163,562
2020,Tamil Nadu,South India,Tenkasi,58,198,0,256,19,39,55,143,0,0,74,182
2021,Tamil Nadu,South India,Tenkasi,103,358,0,461,37,66,129,229,0,0,166,295
2022,Tamil Nadu,South India,Tenkasi,183,503,0,686,69,114,124,379,0,0,193,493
2018,Tamil Nadu,South India,Thanjavur,84,240,0,324,24,60,81,159,0,0,105,219
2019,Tamil Nadu,South India,Thanjavur,103,259,0,362,27,76,87,172,0,0,114,248
2020,Tamil Nadu,South India,Thanjavur,95,359,0,454,21,74,100,259,0,0,121,333
2021,Tamil Nadu,South India,Thanjavur,153,584,0,737,43,110,179,405,0,0,222,515
2022,Tamil Nadu,South India,Thanjavur,214,614,0,828,60,154,160,454,0,0,220,608
2018,Tamil Nadu,South India,Theni,89,216,0,305,26,63,76,140,0,0,102,203
2019,Tamil Nadu,South India,Theni,73,171,0,244,32,41,75,96,0,0,107,137
2020,Tamil Nadu,South India,Theni,52,133,0,185,18,34,73,60,0,0,91,94
2021,Tamil Nadu,South India,Theni,111,369,0,480,41,70,148,221,0,0,189,291
2022,Tamil Nadu,South India,Theni,185,442,0,627,52,133,145,297,0,0,197,430
2018,Tamil Nadu,South India,Thirunelveli,167,397,0,564,46,121,97,300,0,0,143,421
2019,Tamil Nadu,South India,Thirunelveli,201,458,0,659,65,136,159,299,0,0,224,435
2020,Tamil Nadu,South India,Thirunelveli,61,226,0,287,22,39,75,151,0,0,97,190
2021,Tamil Nadu,South India,Thirunelveli,98,273,0,371,33,65,90,183,0,0,123,248
2022,Tamil Nadu,South India,Thirunelveli,89,235,0,324,25,64,78,157,0,0,103,221
2018,Tamil Nadu,South India,Thirunelveli City,50,82,0,132,16,34,16,66,0,0,32,100
2019,Tamil Nadu,South India,Thirunelveli City,39,88,0,127,10,29,26,62,0,0,36,91
2020,Tamil Nadu,South India,Thirunelveli City,46,126,0,172,15,31,23,103,0,0,38,134
2021,Tamil Nadu,South India,Thirunelveli City,66,138,0,204,15,51,48,90,0,0,63,141
2022,Tamil Nadu,South India,Thirunelveli City,72,120,0,192,21,51,25,95,0,0,46,146
2018,Tamil Nadu,South India,Thiruvallur,176,583,0,759,43,133,140,443,0,0,183,576
2019,Tamil Nadu,South India,Thiruvallur,187,561,0,748,53,134,147,414,0,0,200,548
2020,Tamil Nadu,South India,Thiruvallur,190,588,0,778,47,143,125,463,0,0,172,606
2021,Tamil Nadu,South India,Thiruvallur,230,706,0,936,63,167,162,544,0,0,225,711
2022,Tamil Nadu,South India,Thiruvallur,181,574,0,755,52,129,122,452,0,0,174,581
2018,Tamil Nadu,South India,Thiruvannamalai,107,342,0,449,39,68,113,229,0,0,152,297
2019,Tamil Nadu,South India,Thiruvannamalai,103,312,0,415,39,64,101,211,0,0,140,275
2020,Tamil Nadu,South India,Thiruvannamalai,84,421,0,505,23,61,114,307,0,0,137,368
2021,Tamil Nadu,South India,Thiruvannamalai,119,517,0,636,41,78,146,371,0,0,187,449
2022,Tamil Nadu,South India,Thiruvannamalai,154,602,0,756,49,105,202,400,0,0,251,505
2018,Tamil Nadu,South India,Thiruvarur,24,63,0,87,11,13,14,49,0,0,25,62
2019,Tamil Nadu,South India,Thiruvarur,31,122,0,153,10,21,25,97,0,0,35,118
2020,Tamil Nadu,South India,Thiruvarur,40,143,0,183,16,24,24,119,0,0,40,143
2021,Tamil Nadu,South India,Thiruvarur,34,153,0,187,15,19,33,120,0,0,48,139
2022,Tamil Nadu,South India,Thiruvarur,33,166,0,199,12,21,35,131,0,0,47,152
2018,Tamil Nadu,South India,Thoothukudi,121,285,0,406,39,82,90,195,0,0,129,277
2019,Tamil Nadu,South India,Thoothukudi,108,255,0,363,41,67,88,167,0,0,129,234
2020,Tamil Nadu,South India,Thoothukudi,105,336,0,441,30,75,112,224,0,0,142,299
2021,Tamil Nadu,South India,Thoothukudi,196,513,0,709,61,135,144,369,0,0,205,504
2022,Tamil Nadu,South India,Thoothukudi,212,512,0,724,43,169,108,404,0,0,151,573
2020,Tamil Nadu,South India,Tiruppattur,72,205,0,277,27,45,24,181,0,0,51,226
2021,Tamil Nadu,South India,Tiruppattur,89,247,0,336,24,65,38,209,0,0,62,274
2022,Tamil Nadu,South India,Tiruppattur,106,327,0,433,40,66,102,225,0,0,142,291
2018,Tamil Nadu,South India,Tiruppur,78,237,0,315,16,62,82,155,0,0,98,217
2019,Tamil Nadu,South India,Tiruppur,96,297,0,393,15,81,96,201,0,0,111,282
2020,Tamil Nadu,South India,Tiruppur,60,255,0,315,5,55,80,175,0,0,85,230
2021,Tamil Nadu,South India,Tiruppur,119,313,0,432,13,106,131,182,0,0,144,288
2022,Tamil Nadu,South India,Tiruppur,138,418,0,556,20,118,122,296,0,0,142,414
2018,Tamil Nadu,South India,Tiruppur City,107,272,0,379,24,83,93,179,0,0,117,262
2019,Tamil Nadu,South India,Tiruppur City,102,194,0,296,16,86,82,112,0,0,98,198
2020,Tamil Nadu,South India,Tiruppur City,85,240,0,325,27,58,75,165,0,0,102,223
2021,Tamil Nadu,South India,Tiruppur City,117,333,0,450,14,103,82,251,0,0,96,354
2022,Tamil Nadu,South India,Tiruppur City,178,327,0,505,49,129,86,241,0,0,135,370
2018,Tamil Nadu,South India,Total,5135,10403,1,15539,1228,3907,3043,7360,0,1,4271,11268
2019,Tamil Nadu,South India,Total,4956,11280,2,16238,1195,3761,3324,7956,0,2,4519,11719
2020,Tamil Nadu,South India,Total Districts ,4381,12937,2,17320,1046,3335,3545,9392,0,2,4591,12729
2021,Tamil Nadu,South India,Total Districts ,6204,17704,3,23911,1484,4720,4914,12790,1,2,6399,17512
2022,Tamil Nadu,South India,Total Districts ,8037,19935,3,27975,1951,6086,5058,14877,0,3,7009,20966
2018,Tamil Nadu,South India,Trichy,39,101,0,140,10,29,39,62,0,0,49,91
2019,Tamil Nadu,South India,Trichy,50,119,0,169,14,36,25,94,0,0,39,130
2020,Tamil Nadu,South India,Trichy,87,321,0,408,27,60,84,237,0,0,111,297
2021,Tamil Nadu,South India,Trichy,80,281,0,361,25,55,72,209,0,0,97,264
2022,Tamil Nadu,South India,Trichy,135,392,0,527,35,100,105,287,0,0,140,387
2018,Tamil Nadu,South India,Trichy City,104,160,0,264,26,78,44,116,0,0,70,194
2019,Tamil Nadu,South India,Trichy City,84,128,0,212,20,64,35,93,0,0,55,157
2020,Tamil Nadu,South India,Trichy City,76,172,0,248,20,56,50,122,0,0,70,178
2021,Tamil Nadu,South India,Trichy City,110,245,1,356,23,87,67,178,0,1,90,266
2022,Tamil Nadu,South India,Trichy City,126,255,0,381,27,99,80,175,0,0,107,274
2018,Tamil Nadu,South India,Vellore,202,689,0,891,55,147,259,430,0,0,314,577
2019,Tamil Nadu,South India,Vellore,217,618,0,835,62,155,197,421,0,0,259,576
2020,Tamil Nadu,South India,Vellore,79,271,0,350,12,67,77,194,0,0,89,261
2021,Tamil Nadu,South India,Vellore,82,339,0,421,14,68,116,223,0,0,130,291
2022,Tamil Nadu,South India,Vellore,126,382,0,508,42,84,142,240,0,0,184,324
2018,Tamil Nadu,South India,Villupuram,113,219,0,332,25,88,46,173,0,0,71,261
2019,Tamil Nadu,South India,Villupuram,114,309,0,423,23,91,91,218,0,0,114,309
2020,Tamil Nadu,South India,Villupuram,92,358,0,450,6,86,50,308,0,0,56,394
2021,Tamil Nadu,South India,Villupuram,150,529,0,679,11,139,50,479,0,0,61,618
2022,Tamil Nadu,South India,Villupuram,203,596,0,799,25,178,50,546,0,0,75,724
2018,Tamil Nadu,South India,Virudhunagar,73,210,0,283,26,47,63,147,0,0,89,194
2019,Tamil Nadu,South India,Virudhunagar,106,247,0,353,38,68,82,165,0,0,120,233
2020,Tamil Nadu,South India,Virudhunagar,94,289,0,383,41,53,117,172,0,0,158,225
2021,Tamil Nadu,South India,Virudhunagar,125,397,0,522,46,79,153,244,0,0,199,323
2022,Tamil Nadu,South India,Virudhunagar,234,592,0,826,81,153,176,416,0,0,257,569
2018,Telangana,South India,Adilabad,53,86,0,139,18,35,17,69,0,0,35,104
2019,Telangana,South India,Adilabad,43,76,0,119,10,33,9,67,0,0,19,100
2020,Telangana,South India,Adilabad,31,78,0,109,5,26,9,69,0,0,14,95
2021,Telangana,South India,Adilabad,46,89,0,135,9,37,9,80,0,0,18,117
2022,Telangana,South India,Adilabad,78,117,0,195,9,69,3,114,0,0,12,183
2018,Telangana,South India,Bhadradri Kothagudem,71,165,0,236,13,58,14,151,0,0,27,209
2019,Telangana,South India,Bhadradri Kothagudem,66,181,0,247,9,57,13,168,0,0,22,225
2020,Telangana,South India,Bhadradri Kothagudem,100,263,0,363,18,82,12,251,0,0,30,333
2021,Telangana,South India,Bhadradri Kothagudem,152,388,0,540,23,129,79,309,0,0,102,438
2022,Telangana,South India,Bhadradri Kothagudem,123,410,0,533,25,98,137,273,0,0,162,371
2018,Telangana,South India,Cyberabad Commissionerate,1326,1861,0,3187,256,1070,243,1618,0,0,499,2688
2019,Telangana,South India,Cyberabad Commissionerate,1478,1829,0,3307,234,1244,153,1676,0,0,387,2920
2020,Telangana,South India,Cyberabad Commissionerate,1593,2079,0,3672,259,1334,216,1863,0,0,475,3197
2021,Telangana,South India,Cyberabad Commissionerate,1865,2435,0,4300,256,1609,303,2132,0,0,559,3741
2022,Telangana,South India,Cyberabad Commissionerate,1919,2474,0,4393,340,1579,328,2146,0,0,668,3725
2018,Telangana,South India,Hyderabad Commissionerate,1235,1658,1,2894,283,952,385,1273,0,1,668,2226
2019,Telangana,South India,Hyderabad Commissionerate,1661,2323,0,3984,306,1355,590,1733,0,0,896,3088
2020,Telangana,South India,Hyderabad Commissionerate,1476,1994,0,3470,263,1213,456,1538,0,0,719,2751
2021,Telangana,South India,Hyderabad Commissionerate,1580,2169,0,3749,270,1310,451,1718,0,0,721,3028
2022,Telangana,South India,Hyderabad Commissionerate,1674,1999,0,3673,176,1498,164,1835,0,0,340,3333
2018,Telangana,South India,Jagityal,52,172,0,224,13,39,37,135,0,0,50,174
2019,Telangana,South India,Jagityal,42,157,0,199,2,40,157,0,0,0,159,40
2020,Telangana,South India,Jagityal,65,234,0,299,15,50,60,174,0,0,75,224
2021,Telangana,South India,Jagityal,85,350,0,435,20,65,76,274,0,0,96,339
2022,Telangana,South India,Jagityal,96,275,0,371,11,85,45,230,0,0,56,315
2018,Telangana,South India,Jayashankar Bhupalpalli,20,64,0,84,4,16,6,58,0,0,10,74
2019,Telangana,South India,Jayashankar Bhupalpalli,20,64,0,84,4,16,6,58,0,0,10,74
2020,Telangana,South India,Jayashankar Bhupalpalli,22,90,0,112,3,19,5,85,0,0,8,104
2021,Telangana,South India,Jayashankar Bhupalpalli,27,78,0,105,4,23,4,74,0,0,8,97
2022,Telangana,South India,Jayashankar Bhupalpalli,32,101,0,133,5,27,3,98,0,0,8,125
2018,Telangana,South India,Jogulamba Gadwal,43,92,0,135,12,31,21,71,0,0,33,102
2019,Telangana,South India,Jogulamba Gadwal,47,72,0,119,14,33,24,48,0,0,38,81
2020,Telangana,South India,Jogulamba Gadwal,29,122,0,151,11,18,41,81,0,0,52,99
2021,Telangana,South India,Jogulamba Gadwal,50,119,0,169,16,34,17,102,0,0,33,136
2022,Telangana,South India,Jogulamba Gadwal,80,115,0,195,18,62,15,100,0,0,33,162
2019,Telangana,South India,Kamareddy,102,201,0,303,23,79,33,168,0,0,56,247
2018,Telangana,South India,Kamareddy ,67,147,0,214,21,46,28,119,0,0,49,165
2020,Telangana,South India,Kamareddy ,122,262,0,384,32,90,66,196,0,0,98,286
2021,Telangana,South India,Kamareddy ,170,343,0,513,39,131,110,233,0,0,149,364
2022,Telangana,South India,Kamareddy ,231,364,0,595,46,185,99,265,0,0,145,450
2018,Telangana,South India,Karimnagar Commissionerate,104,244,0,348,20,84,65,179,0,0,85,263
2019,Telangana,South India,Karimnagar Commissionerate,113,306,0,419,20,93,74,232,0,0,94,325
2020,Telangana,South India,Karimnagar Commissionerate,124,290,0,414,23,101,59,231,0,0,82,332
2021,Telangana,South India,Karimnagar Commissionerate,118,324,0,442,26,92,60,264,0,0,86,356
2022,Telangana,South India,Karimnagar Commissionerate,133,286,0,419,24,109,59,227,0,0,83,336
2018,Telangana,South India,Khammam Commissionerate,117,235,0,352,10,107,6,229,0,0,16,336
2019,Telangana,South India,Khammam Commissionerate,128,275,0,403,13,115,11,264,0,0,24,379
2020,Telangana,South India,Khammam Commissionerate,114,305,0,419,8,106,6,299,0,0,14,405
2021,Telangana,South India,Khammam Commissionerate,156,410,0,566,30,126,41,369,0,0,71,495
2022,Telangana,South India,Khammam Commissionerate,158,345,0,503,27,131,39,306,0,0,66,437
2018,Telangana,South India,Kumaram Bheem Asifabad,25,71,0,96,6,19,19,52,0,0,25,71
2019,Telangana,South India,Kumaram Bheem Asifabad,39,50,0,89,6,33,3,47,0,0,9,80
2020,Telangana,South India,Kumaram Bheem Asifabad,44,60,0,104,9,35,8,52,0,0,17,87
2021,Telangana,South India,Kumaram Bheem Asifabad,47,82,0,129,6,41,20,62,0,0,26,103
2022,Telangana,South India,Kumaram Bheem Asifabad,42,56,0,98,7,35,5,51,0,0,12,86
2018,Telangana,South India,Mahabubabad,32,111,0,143,9,23,41,70,0,0,50,93
2019,Telangana,South India,Mahabubabad,47,82,0,129,9,38,1,81,0,0,10,119
2020,Telangana,South India,Mahabubabad,43,147,1,191,12,31,48,99,0,1,60,131
2021,Telangana,South India,Mahabubabad,56,180,0,236,10,46,56,124,0,0,66,170
2022,Telangana,South India,Mahabubabad,53,213,0,266,5,48,70,143,0,0,75,191
2018,Telangana,South India,Mahabubnagar,99,204,0,303,24,75,34,170,0,0,58,245
2019,Telangana,South India,Mahabubnagar,94,205,0,299,25,69,30,175,0,0,55,244
2020,Telangana,South India,Mahabubnagar,96,251,0,347,33,63,17,234,0,0,50,297
2021,Telangana,South India,Mahabubnagar,145,358,0,503,50,95,33,325,0,0,83,420
2022,Telangana,South India,Mahabubnagar,174,336,0,510,39,135,29,307,0,0,68,442
2018,Telangana,South India,Medak,68,156,0,224,19,49,33,123,0,0,52,172
2019,Telangana,South India,Medak,65,163,0,228,19,46,29,134,0,0,48,180
2020,Telangana,South India,Medak,101,170,0,271,36,65,30,140,0,0,66,205
2021,Telangana,South India,Medak,118,179,0,297,18,100,29,150,0,0,47,250
2022,Telangana,South India,Medak,114,234,0,348,20,94,28,206,0,0,48,300
2019,Telangana,South India,Mulug,8,29,0,37,1,7,2,27,0,0,3,34
2020,Telangana,South India,Mulug,24,41,0,65,5,19,1,40,0,0,6,59
2021,Telangana,South India,Mulug,21,71,0,92,4,17,66,5,0,0,70,22
2022,Telangana,South India,Mulug,24,63,0,87,4,20,5,58,0,0,9,78
2018,Telangana,South India,Nagarkurnool,43,136,0,179,7,36,27,109,0,0,34,145
2019,Telangana,South India,Nagarkurnool,40,105,0,145,15,25,28,77,0,0,43,102
2020,Telangana,South India,Nagarkurnool,42,145,0,187,8,34,25,120,0,0,33,154
2021,Telangana,South India,Nagarkurnool,76,218,0,294,21,55,64,154,0,0,85,209
2022,Telangana,South India,Nagarkurnool,91,239,0,330,22,69,36,203,0,0,58,272
2018,Telangana,South India,Nalgonda,106,295,0,401,32,74,85,210,0,0,117,284
2019,Telangana,South India,Nalgonda,135,290,0,425,28,107,77,213,0,0,105,320
2020,Telangana,South India,Nalgonda,80,295,0,375,18,62,41,254,0,0,59,316
2021,Telangana,South India,Nalgonda,131,335,0,466,25,106,42,293,0,0,67,399
2022,Telangana,South India,Nalgonda,165,363,0,528,37,128,40,323,0,0,77,451
2019,Telangana,South India,Narayanpet,28,77,0,105,3,25,15,62,0,0,18,87
2020,Telangana,South India,Narayanpet,29,84,0,113,7,22,6,78,0,0,13,100
2021,Telangana,South India,Narayanpet,34,122,0,156,16,18,15,107,0,0,31,125
2022,Telangana,South India,Narayanpet,33,107,0,140,11,22,2,105,0,0,13,127
2018,Telangana,South India,Nirmal,48,105,0,153,7,41,36,69,0,0,43,110
2019,Telangana,South India,Nirmal,54,108,0,162,14,40,23,85,0,0,37,125
2020,Telangana,South India,Nirmal,55,116,0,171,8,47,23,93,0,0,31,140
2021,Telangana,South India,Nirmal,68,150,0,218,7,61,16,134,0,0,23,195
2022,Telangana,South India,Nirmal,105,155,0,260,18,87,38,117,0,0,56,204
2018,Telangana,South India,Nizamabad Commissionerate,162,325,0,487,49,113,84,241,0,0,133,354
2019,Telangana,South India,Nizamabad Commissionerate,208,399,0,607,54,154,85,314,0,0,139,468
2020,Telangana,South India,Nizamabad Commissionerate,197,364,0,561,34,163,88,276,0,0,122,439
2021,Telangana,South India,Nizamabad Commissionerate,234,490,0,724,46,188,129,361,0,0,175,549
2022,Telangana,South India,Nizamabad Commissionerate,357,436,0,793,63,294,74,362,0,0,137,656
2018,Telangana,South India,Rachakonda Commissionerate,892,1138,0,2030,243,649,195,943,0,0,438,1592
2019,Telangana,South India,Rachakonda Commissionerate,1149,1482,0,2631,238,911,201,1281,0,0,439,2192
2020,Telangana,South India,Rachakonda Commissionerate,1124,1628,0,2752,231,893,180,1448,0,0,411,2341
2021,Telangana,South India,Rachakonda Commissionerate,2018,1440,0,3458,222,1796,269,1171,0,0,491,2967
2022,Telangana,South India,Rachakonda Commissionerate,1787,2135,0,3922,256,1531,213,1922,0,0,469,3453
2018,Telangana,South India,Railway Police Secunderabad,27,14,0,41,8,19,4,10,0,0,12,29
2019,Telangana,South India,Railway Police Secunderabad,39,19,0,58,1,38,3,16,0,0,4,54
2020,Telangana,South India,Railway Police Secunderabad,9,3,0,12,0,9,0,3,0,0,0,12
2021,Telangana,South India,Railway Police Secunderabad,11,13,0,24,0,11,1,12,0,0,1,23
2022,Telangana,South India,Railway Police Secunderabad,21,14,0,35,4,17,1,13,0,0,5,30
2018,Telangana,South India,Rajanna Siricilla,25,81,0,106,1,24,14,67,0,0,15,91
2019,Telangana,South India,Rajanna Siricilla,31,121,0,152,2,29,29,92,0,0,31,121
2020,Telangana,South India,Rajanna Siricilla,30,107,0,137,1,29,5,102,0,0,6,131
2021,Telangana,South India,Rajanna Siricilla,56,104,0,160,2,54,13,91,0,0,15,145
2022,Telangana,South India,Rajanna Siricilla,51,153,0,204,8,43,14,139,0,0,22,182
2018,Telangana,South India,Ramagundam Commissionerate,115,349,0,464,12,103,93,256,0,0,105,359
2019,Telangana,South India,Ramagundam Commissionerate,117,328,0,445,9,108,25,303,0,0,34,411
2020,Telangana,South India,Ramagundam Commissionerate,106,324,0,430,11,95,6,318,0,0,17,413
2021,Telangana,South India,Ramagundam Commissionerate,170,425,0,595,26,144,30,395,0,0,56,539
2022,Telangana,South India,Ramagundam Commissionerate,257,460,0,717,30,227,28,432,0,0,58,659
2018,Telangana,South India,Sangareddy,204,334,0,538,59,145,118,216,0,0,177,361
2019,Telangana,South India,Sangareddy,216,428,0,644,65,151,151,277,0,0,216,428
2020,Telangana,South India,Sangareddy,208,406,0,614,46,162,125,281,0,0,171,443
2021,Telangana,South India,Sangareddy,256,512,0,768,60,196,183,329,0,0,243,525
2022,Telangana,South India,Sangareddy,321,536,0,857,80,241,185,351,0,0,265,592
2018,Telangana,South India,Siddipet Commissionerate,71,183,0,254,19,52,60,123,0,0,79,175
2019,Telangana,South India,Siddipet Commissionerate,126,266,0,392,21,105,53,213,0,0,74,318
2020,Telangana,South India,Siddipet Commissionerate,146,367,0,513,35,111,68,299,0,0,103,410
2021,Telangana,South India,Siddipet Commissionerate,203,399,0,602,30,173,77,322,0,0,107,495
2022,Telangana,South India,Siddipet Commissionerate,168,305,0,473,29,139,31,274,0,0,60,413
2018,Telangana,South India,Suryapet,43,127,0,170,7,36,26,101,0,0,33,137
2019,Telangana,South India,Suryapet,53,145,0,198,8,45,14,131,0,0,22,176
2020,Telangana,South India,Suryapet,63,186,0,249,18,45,30,156,0,0,48,201
2021,Telangana,South India,Suryapet,127,282,0,409,31,96,45,237,0,0,76,333
2022,Telangana,South India,Suryapet,121,266,0,387,29,92,29,237,0,0,58,329
2018,Telangana,South India,Total,5293,9041,1,14335,1221,4072,1869,7172,0,1,3090,11245
2019,Telangana,South India,Total,6485,10665,0,17150,1255,5230,2053,8612,0,0,3308,13842
2020,Telangana,South India,Total Districts ,6416,11404,1,17821,1230,5186,1870,9534,0,1,3100,14721
2021,Telangana,South India,Total Districts ,8465,13360,0,21825,1382,7083,2574,10786,0,0,3956,17869
2022,Telangana,South India,Total Districts ,8935,13766,0,22701,1448,7487,1995,11771,0,0,3443,19258
2018,Telangana,South India,Vikarabad,37,89,0,126,10,27,18,71,0,0,28,98
2019,Telangana,South India,Vikarabad,53,157,0,210,17,36,31,126,0,0,48,162
2020,Telangana,South India,Vikarabad,58,193,0,251,18,40,16,177,0,0,34,217
2021,Telangana,South India,Vikarabad,110,216,0,326,32,78,26,190,0,0,58,268
2022,Telangana,South India,Vikarabad,120,220,0,340,33,87,24,196,0,0,57,283
2018,Telangana,South India,Wanaparthy,35,144,0,179,15,20,53,91,0,0,68,111
2019,Telangana,South India,Wanaparthy,35,144,0,179,15,20,53,91,0,0,68,111
2020,Telangana,South India,Wanaparthy,32,179,0,211,12,20,69,110,0,0,81,130
2021,Telangana,South India,Wanaparthy,54,182,0,236,18,36,65,117,0,0,83,153
2022,Telangana,South India,Wanaparthy,48,168,0,216,17,31,49,119,0,0,66,150
2018,Telangana,South India,Warangal Commissionerate,173,455,0,628,44,129,107,348,0,0,151,477
2019,Telangana,South India,Warangal Commissionerate,248,583,0,831,70,178,130,453,0,0,200,631
2020,Telangana,South India,Warangal Commissionerate,253,621,0,874,51,202,154,467,0,0,205,669
2021,Telangana,South India,Warangal Commissionerate,281,897,0,1178,65,216,245,652,0,0,310,868
2022,Telangana,South India,Warangal Commissionerate,359,821,0,1180,55,304,202,619,0,0,257,923
2018,Tripura,North East,Dhalai,34,59,0,93,2,32,8,51,0,0,10,83
2019,Tripura,North East,Dhalai,36,76,0,112,1,35,9,67,0,0,10,102
2020,Tripura,North East,Dhalai,29,55,0,84,2,27,4,51,0,0,6,78
2021,Tripura,North East,Dhalai,35,126,0,161,2,33,10,116,0,0,12,149
2022,Tripura,North East,Dhalai,45,116,0,161,1,44,3,113,0,0,4,157
2018,Tripura,North East,Gomati,42,95,0,137,3,39,13,82,0,0,16,121
2019,Tripura,North East,Gomati,57,139,0,196,2,55,8,131,0,0,10,186
2020,Tripura,North East,Gomati,33,207,0,240,1,32,12,195,0,0,13,227
2021,Tripura,North East,Gomati,32,215,0,247,0,32,10,205,0,0,10,237
2022,Tripura,North East,Gomati,48,174,0,222,0,48,11,163,0,0,11,211
2018,Tripura,North East,GRP,0,0,0,0,0,0,0,0,0,0,0,0
2019,Tripura,North East,GRP,0,0,0,0,0,0,0,0,0,0,0,0
2020,Tripura,North East,GRP,0,0,0,0,0,0,0,0,0,0,0,0
2021,Tripura,North East,GRP,0,0,0,0,0,0,0,0,0,0,0,0
2022,Tripura,North East,GRP,0,0,0,0,0,0,0,0,0,0,0,0
2018,Tripura,North East,Kowai,35,57,0,92,2,33,3,54,0,0,5,87
2019,Tripura,North East,Kowai,37,66,0,103,1,36,2,64,0,0,3,100
2020,Tripura,North East,Kowai,39,57,0,96,0,39,4,53,0,0,4,92
2021,Tripura,North East,Kowai,50,84,0,134,2,48,2,82,0,0,4,130
2022,Tripura,North East,Kowai,35,64,0,99,0,35,0,64,0,0,0,99
2018,Tripura,North East,North,34,68,0,102,1,33,16,52,0,0,17,85
2019,Tripura,North East,North,16,37,0,53,1,15,4,33,0,0,5,48
2020,Tripura,North East,North,5,14,0,19,0,5,5,9,0,0,5,14
2021,Tripura,North East,North,4,18,0,22,1,3,9,9,0,0,10,12
2022,Tripura,North East,North,9,14,0,23,2,7,8,6,0,0,10,13
2018,Tripura,North East,Sipahijala,59,125,0,184,1,58,12,113,0,0,13,171
2019,Tripura,North East,Sipahijala,56,148,0,204,1,55,14,134,0,0,15,189
2020,Tripura,North East,Sipahijala,26,102,0,128,4,22,11,91,0,0,15,113
2021,Tripura,North East,Sipahijala,30,79,0,109,1,29,13,66,0,0,14,95
2022,Tripura,North East,Sipahijala,31,83,0,114,2,29,12,71,0,0,14,100
2018,Tripura,North East,South,44,103,0,147,6,38,28,75,0,0,34,113
2019,Tripura,North East,South,56,170,0,226,13,43,28,142,0,0,41,185
2020,Tripura,North East,South,45,112,0,157,8,37,22,90,0,0,30,127
2021,Tripura,North East,South,69,163,0,232,12,57,16,147,0,0,28,204
2022,Tripura,North East,South,52,155,0,207,12,40,16,139,0,0,28,179
2018,Tripura,North East,Total,527,1086,0,1613,41,486,141,945,0,0,182,1431
2019,Tripura,North East,Total,506,1226,0,1732,42,464,127,1099,0,0,169,1563
2020,Tripura,North East,Total Districts ,342,970,0,1312,31,311,96,874,0,0,127,1185
2021,Tripura,North East,Total Districts ,424,1196,0,1620,33,391,120,1076,0,0,153,1467
2022,Tripura,North East,Total Districts ,398,1133,0,1531,24,374,102,1031,0,0,126,1405
2018,Tripura,North East,Unakoti,46,147,0,193,4,42,9,138,0,0,13,180
2019,Tripura,North East,Unakoti,31,100,0,131,2,29,12,88,0,0,14,117
2020,Tripura,North East,Unakoti,16,44,0,60,0,16,7,37,0,0,7,53
2021,Tripura,North East,Unakoti,27,78,0,105,3,24,16,62,0,0,19,86
2022,Tripura,North East,Unakoti,16,56,0,72,1,15,12,44,0,0,13,59
2018,Tripura,North East,West,233,432,0,665,22,211,52,380,0,0,74,591
2019,Tripura,North East,West,217,490,0,707,21,196,50,440,0,0,71,636
2020,Tripura,North East,West,149,379,0,528,16,133,31,348,0,0,47,481
2021,Tripura,North East,West,177,433,0,610,12,165,44,389,0,0,56,554
2022,Tripura,North East,West,162,471,0,633,6,156,40,431,0,0,46,587
2018,Uttar Pradesh,North India,Agra,210,184,0,394,22,188,14,170,0,0,36,358
2019,Uttar Pradesh,North India,Agra,196,161,0,357,28,168,23,138,0,0,51,306
2020,Uttar Pradesh,North India,Agra,142,154,0,296,12,130,11,143,0,0,23,273
2021,Uttar Pradesh,North India,Agra,306,366,0,672,37,269,46,320,0,0,83,589
2022,Uttar Pradesh,North India,Agra,0,0,0,0,0,0,0,0,0,0,0,0
2018,Uttar Pradesh,North India,Aligarh,89,76,0,165,10,79,11,65,0,0,21,144
2019,Uttar Pradesh,North India,Aligarh,100,79,0,179,17,83,13,66,0,0,30,149
2020,Uttar Pradesh,North India,Aligarh,73,70,0,143,15,58,10,60,0,0,25,118
2021,Uttar Pradesh,North India,Aligarh,87,91,0,178,10,77,6,85,0,0,16,162
2022,Uttar Pradesh,North India,Aligarh,73,112,0,185,11,62,12,100,0,0,23,162
2018,Uttar Pradesh,North India,Ambedkar Nagar,25,60,0,85,6,19,13,47,0,0,19,66
2019,Uttar Pradesh,North India,Ambedkar Nagar,26,43,0,69,6,20,17,26,0,0,23,46
2020,Uttar Pradesh,North India,Ambedkar Nagar,13,26,0,39,3,10,4,22,0,0,7,32
2021,Uttar Pradesh,North India,Ambedkar Nagar,46,43,0,89,2,44,8,35,0,0,10,79
2022,Uttar Pradesh,North India,Ambedkar Nagar,29,100,0,129,29,0,0,100,0,0,29,100
2018,Uttar Pradesh,North India,Amethi,33,52,0,85,12,21,26,26,0,0,38,47
2019,Uttar Pradesh,North India,Amethi,23,40,0,63,6,17,14,26,0,0,20,43
2020,Uttar Pradesh,North India,Amethi,20,19,0,39,1,19,6,13,0,0,7,32
2021,Uttar Pradesh,North India,Amethi,19,41,0,60,6,13,13,28,0,0,19,41
2022,Uttar Pradesh,North India,Amethi,27,38,0,65,7,20,17,21,0,0,24,41
2018,Uttar Pradesh,North India,Amroha,4,2,0,6,4,0,2,0,0,0,6,0
2019,Uttar Pradesh,North India,Amroha,38,51,0,89,6,32,10,41,0,0,16,73
2020,Uttar Pradesh,North India,Amroha,2,9,0,11,2,0,9,0,0,0,11,0
2021,Uttar Pradesh,North India,Amroha,6,37,0,43,6,0,37,0,0,0,43,0
2018,Uttar Pradesh,North India,Auraiya,2,9,0,11,2,0,7,2,0,0,9,2
2019,Uttar Pradesh,North India,Auraiya,18,39,0,57,6,12,23,16,0,0,29,28
2020,Uttar Pradesh,North India,Auraiya,16,20,0,36,4,12,8,12,0,0,12,24
2021,Uttar Pradesh,North India,Auraiya,26,14,0,40,9,17,14,0,0,0,23,17
2022,Uttar Pradesh,North India,Auraiya,24,27,0,51,2,22,4,23,0,0,6,45
2018,Uttar Pradesh,North India,Ayodhya,55,76,0,131,12,43,17,59,0,0,29,102
2019,Uttar Pradesh,North India,Ayodhya,43,72,0,115,11,32,15,57,0,0,26,89
2020,Uttar Pradesh,North India,Ayodhya,18,44,0,62,3,15,15,29,0,0,18,44
2021,Uttar Pradesh,North India,Ayodhya,47,62,0,109,9,38,17,45,0,0,26,83
2022,Uttar Pradesh,North India,Ayodhya,42,70,0,112,11,31,25,45,0,0,36,76
2018,Uttar Pradesh,North India,Azamgarh,90,171,0,261,6,84,21,150,0,0,27,234
2019,Uttar Pradesh,North India,Azamgarh,121,152,0,273,29,92,31,121,0,0,60,213
2020,Uttar Pradesh,North India,Azamgarh,108,176,0,284,27,81,34,142,0,0,61,223
2021,Uttar Pradesh,North India,Azamgarh,138,268,0,406,14,124,23,245,0,0,37,369
2022,Uttar Pradesh,North India,Azamgarh,82,199,0,281,3,79,10,189,0,0,13,268
2018,Uttar Pradesh,North India,Badaun,82,62,0,144,30,52,23,39,0,0,53,91
2019,Uttar Pradesh,North India,Badaun,56,72,0,128,12,44,32,40,0,0,44,84
2020,Uttar Pradesh,North India,Badaun,44,78,0,122,11,33,24,54,0,0,35,87
2021,Uttar Pradesh,North India,Badaun,57,79,0,136,7,50,0,79,0,0,7,129
2022,Uttar Pradesh,North India,Badaun,76,122,0,198,14,62,24,98,0,0,38,160
2018,Uttar Pradesh,North India,Baghpat,105,106,0,211,12,93,16,90,0,0,28,183
2019,Uttar Pradesh,North India,Baghpat,68,86,0,154,7,61,11,75,0,0,18,136
2020,Uttar Pradesh,North India,Baghpat,81,76,0,157,4,77,12,64,0,0,16,141
2021,Uttar Pradesh,North India,Baghpat,63,100,0,163,1,62,8,92,0,0,9,154
2022,Uttar Pradesh,North India,Baghpat,74,126,0,200,10,64,15,111,0,0,25,175
2018,Uttar Pradesh,North India,Bahraich,23,23,0,46,5,18,2,21,0,0,7,39
2019,Uttar Pradesh,North India,Bahraich,30,35,0,65,3,27,8,27,0,0,11,54
2020,Uttar Pradesh,North India,Bahraich,66,72,0,138,1,65,9,63,0,0,10,128
2021,Uttar Pradesh,North India,Bahraich,0,0,0,0,0,0,0,0,0,0,0,0
2022,Uttar Pradesh,North India,Bahraich,118,145,0,263,55,63,48,97,0,0,103,160
2018,Uttar Pradesh,North India,Ballia,52,56,0,108,15,37,12,44,0,0,27,81
2019,Uttar Pradesh,North India,Ballia,59,62,0,121,14,45,10,52,0,0,24,97
2020,Uttar Pradesh,North India,Ballia,63,69,0,132,7,56,13,56,0,0,20,112
2021,Uttar Pradesh,North India,Ballia,71,102,0,173,8,63,24,78,0,0,32,141
2022,Uttar Pradesh,North India,Ballia,132,225,0,357,18,114,28,197,0,0,46,311
2018,Uttar Pradesh,North India,Balrampur,10,15,0,25,1,9,6,9,0,0,7,18
2019,Uttar Pradesh,North India,Balrampur,37,39,0,76,12,25,14,25,0,0,26,50
2020,Uttar Pradesh,North India,Balrampur,30,44,0,74,6,24,11,33,0,0,17,57
2021,Uttar Pradesh,North India,Balrampur,32,158,0,190,3,29,57,101,0,0,60,130
2022,Uttar Pradesh,North India,Balrampur,19,176,0,195,18,1,22,154,0,0,40,155
2018,Uttar Pradesh,North India,Banda,24,37,0,61,4,20,20,17,0,0,24,37
2019,Uttar Pradesh,North India,Banda,12,30,0,42,2,10,3,27,0,0,5,37
2020,Uttar Pradesh,North India,Banda,11,24,0,35,3,8,5,19,0,0,8,27
2021,Uttar Pradesh,North India,Banda,20,112,0,132,19,1,65,47,0,0,84,48
2022,Uttar Pradesh,North India,Banda,22,62,0,84,7,15,27,35,0,0,34,50
2018,Uttar Pradesh,North India,Barabanki,81,59,0,140,42,39,22,37,0,0,64,76
2019,Uttar Pradesh,North India,Barabanki,56,44,0,100,17,39,24,20,0,0,41,59
2020,Uttar Pradesh,North India,Barabanki,49,71,0,120,17,32,23,48,0,0,40,80
2021,Uttar Pradesh,North India,Barabanki,62,83,0,145,24,38,18,65,0,0,42,103
2022,Uttar Pradesh,North India,Barabanki,100,121,0,221,58,42,68,53,0,0,126,95
2018,Uttar Pradesh,North India,Bareilly,0,0,0,0,0,0,0,0,0,0,0,0
2019,Uttar Pradesh,North India,Bareilly,65,67,0,132,14,51,17,50,0,0,31,101
2020,Uttar Pradesh,North India,Bareilly,39,69,0,108,7,32,12,57,0,0,19,89
2021,Uttar Pradesh,North India,Bareilly,57,110,0,167,5,52,49,61,0,0,54,113
2022,Uttar Pradesh,North India,Bareilly,81,87,0,168,18,63,13,74,0,0,31,137
2018,Uttar Pradesh,North India,Basti,40,52,0,92,10,30,13,39,0,0,23,69
2019,Uttar Pradesh,North India,Basti,38,70,0,108,5,33,20,50,0,0,25,83
2020,Uttar Pradesh,North India,Basti,0,0,0,0,0,0,0,0,0,0,0,0
2021,Uttar Pradesh,North India,Basti,4,128,0,132,4,0,32,96,0,0,36,96
2022,Uttar Pradesh,North India,Basti,45,112,0,157,9,36,21,91,0,0,30,127
2018,Uttar Pradesh,North India,Bhadohi,40,32,0,72,32,8,13,19,0,0,45,27
2019,Uttar Pradesh,North India,Bhadohi,19,28,0,47,19,0,28,0,0,0,47,0
2020,Uttar Pradesh,North India,Bhadohi,18,16,0,34,18,0,16,0,0,0,34,0
2021,Uttar Pradesh,North India,Bhadohi,64,15,0,79,26,38,15,0,0,0,41,38
2022,Uttar Pradesh,North India,Bhadohi,22,32,0,54,22,0,32,0,0,0,54,0
2018,Uttar Pradesh,North India,Bijnor,84,98,0,182,16,68,10,88,0,0,26,156
2019,Uttar Pradesh,North India,Bijnor,97,92,0,189,18,79,17,75,0,0,35,154
2020,Uttar Pradesh,North India,Bijnor,89,142,0,231,7,82,8,134,0,0,15,216
2021,Uttar Pradesh,North India,Bijnor,87,122,0,209,4,83,6,116,0,0,10,199
2022,Uttar Pradesh,North India,Bijnor,102,166,0,268,14,88,27,139,0,0,41,227
2018,Uttar Pradesh,North India,Bulandshahar,58,66,0,124,14,44,13,53,0,0,27,97
2019,Uttar Pradesh,North India,Bulandshahar,142,124,0,266,15,127,15,109,0,0,30,236
2020,Uttar Pradesh,North India,Bulandshahar,71,100,0,171,8,63,18,82,0,0,26,145
2021,Uttar Pradesh,North India,Bulandshahar,50,94,0,144,13,37,16,78,0,0,29,115
2022,Uttar Pradesh,North India,Bulandshahar,60,96,0,156,4,56,17,79,0,0,21,135
2018,Uttar Pradesh,North India,Chandoli,41,61,0,102,6,35,24,37,0,0,30,72
2019,Uttar Pradesh,North India,Chandoli,88,108,0,196,7,81,16,92,0,0,23,173
2020,Uttar Pradesh,North India,Chandoli,65,93,0,158,1,64,7,86,0,0,8,150
2021,Uttar Pradesh,North India,Chandoli,51,70,0,121,7,44,14,56,0,0,21,100
2022,Uttar Pradesh,North India,Chandoli,0,0,0,0,0,0,0,0,0,0,0,0
2018,Uttar Pradesh,North India,Chitrakoot,10,19,0,29,3,7,10,9,0,0,13,16
2019,Uttar Pradesh,North India,Chitrakoot,0,10,0,10,0,0,10,0,0,0,10,0
2020,Uttar Pradesh,North India,Chitrakoot,3,2,0,5,0,3,0,2,0,0,0,5
2021,Uttar Pradesh,North India,Chitrakoot,0,0,0,0,0,0,0,0,0,0,0,0
2022,Uttar Pradesh,North India,Chitrakoot,9,16,0,25,5,4,7,9,0,0,12,13
2018,Uttar Pradesh,North India,Deoria,21,44,0,65,7,14,27,17,0,0,34,31
2019,Uttar Pradesh,North India,Deoria,0,0,0,0,0,0,0,0,0,0,0,0
2020,Uttar Pradesh,North India,Deoria,0,0,0,0,0,0,0,0,0,0,0,0
2021,Uttar Pradesh,North India,Deoria,0,0,0,0,0,0,0,0,0,0,0,0
2022,Uttar Pradesh,North India,Deoria,0,4,0,4,0,0,4,0,0,0,4,0
2018,Uttar Pradesh,North India,Etah,49,38,0,87,11,38,7,31,0,0,18,69
2019,Uttar Pradesh,North India,Etah,45,54,0,99,9,36,16,38,0,0,25,74
2020,Uttar Pradesh,North India,Etah,29,43,0,72,2,27,4,39,0,0,6,66
2021,Uttar Pradesh,North India,Etah,4,69,0,73,4,0,7,62,0,0,11,62
2022,Uttar Pradesh,North India,Etah,25,46,0,71,5,20,6,40,0,0,11,60
2018,Uttar Pradesh,North India,Etawah,4,3,0,7,1,3,1,2,0,0,2,5
2019,Uttar Pradesh,North India,Etawah,43,76,0,119,16,27,23,53,0,0,39,80
2020,Uttar Pradesh,North India,Etawah,37,84,0,121,7,30,18,66,0,0,25,96
2021,Uttar Pradesh,North India,Etawah,44,103,0,147,18,26,35,68,0,0,53,94
2022,Uttar Pradesh,North India,Etawah,71,141,0,212,34,37,45,96,0,0,79,133
2018,Uttar Pradesh,North India,Fatehgarh,42,28,0,70,9,33,4,24,0,0,13,57
2019,Uttar Pradesh,North India,Fatehgarh,41,39,0,80,9,32,13,26,0,0,22,58
2020,Uttar Pradesh,North India,Fatehgarh,33,37,0,70,2,31,8,29,0,0,10,60
2021,Uttar Pradesh,North India,Fatehgarh,26,36,0,62,0,26,0,36,0,0,0,62
2022,Uttar Pradesh,North India,Fatehgarh,0,0,0,0,0,0,0,0,0,0,0,0
2018,Uttar Pradesh,North India,Fatehpur,54,91,0,145,9,45,18,73,0,0,27,118
2019,Uttar Pradesh,North India,Fatehpur,54,119,0,173,5,49,17,102,0,0,22,151
2020,Uttar Pradesh,North India,Fatehpur,55,93,0,148,13,42,10,83,0,0,23,125
2021,Uttar Pradesh,North India,Fatehpur,77,182,0,259,14,63,23,159,0,0,37,222
2022,Uttar Pradesh,North India,Fatehpur,122,143,0,265,67,55,16,127,0,0,83,182
2018,Uttar Pradesh,North India,Firozabad,44,59,0,103,11,33,20,39,0,0,31,72
2019,Uttar Pradesh,North India,Firozabad,46,40,0,86,11,35,15,25,0,0,26,60
2020,Uttar Pradesh,North India,Firozabad,58,63,0,121,35,23,36,27,0,0,71,50
2021,Uttar Pradesh,North India,Firozabad,30,48,0,78,18,12,22,26,0,0,40,38
2022,Uttar Pradesh,North India,Firozabad,2,6,0,8,2,0,6,0,0,0,8,0
2018,Uttar Pradesh,North India,Gautambudh Nagar,220,229,0,449,41,179,71,158,0,0,112,337
2019,Uttar Pradesh,North India,Gautambudh Nagar,231,316,0,547,38,193,56,260,0,0,94,453
2020,Uttar Pradesh,North India,Gautambudh Nagar,208,326,0,534,20,188,87,239,0,0,107,427
2021,Uttar Pradesh,North India,Gautambudh Nagar,395,682,0,1077,213,182,384,298,0,0,597,480
2022,Uttar Pradesh,North India,Gautambudh Nagar,250,505,0,755,25,225,95,410,0,0,120,635
2018,Uttar Pradesh,North India,Ghaziabad,202,163,0,365,67,135,74,89,0,0,141,224
2019,Uttar Pradesh,North India,Ghaziabad,222,171,0,393,39,183,60,111,0,0,99,294
2020,Uttar Pradesh,North India,Ghaziabad,165,174,0,339,36,129,57,117,0,0,93,246
2021,Uttar Pradesh,North India,Ghaziabad,195,247,0,442,28,167,64,183,0,0,92,350
2022,Uttar Pradesh,North India,Ghaziabad,180,266,0,446,26,154,71,195,0,0,97,349
2018,Uttar Pradesh,North India,Ghazipur,53,102,0,155,5,48,85,17,0,0,90,65
2019,Uttar Pradesh,North India,Ghazipur,44,75,0,119,5,39,18,57,0,0,23,96
2020,Uttar Pradesh,North India,Ghazipur,14,7,0,21,11,3,7,0,0,0,18,3
2021,Uttar Pradesh,North India,Ghazipur,8,18,0,26,8,0,18,0,0,0,26,0
2022,Uttar Pradesh,North India,Ghazipur,148,279,0,427,71,77,149,130,0,0,220,207
2018,Uttar Pradesh,North India,Gonda,31,59,0,90,6,25,20,39,0,0,26,64
2019,Uttar Pradesh,North India,Gonda,41,63,0,104,3,38,6,57,0,0,9,95
2020,Uttar Pradesh,North India,Gonda,28,55,0,83,6,22,14,41,0,0,20,63
2021,Uttar Pradesh,North India,Gonda,34,77,0,111,7,27,18,59,0,0,25,86
2022,Uttar Pradesh,North India,Gonda,36,75,0,111,1,35,19,56,0,0,20,91
2018,Uttar Pradesh,North India,Gorakhpur,40,28,0,68,4,36,7,21,0,0,11,57
2019,Uttar Pradesh,North India,Gorakhpur,146,233,0,379,89,57,190,43,0,0,279,100
2020,Uttar Pradesh,North India,Gorakhpur,0,0,0,0,0,0,0,0,0,0,0,0
2021,Uttar Pradesh,North India,Gorakhpur,0,0,0,0,0,0,0,0,0,0,0,0
2022,Uttar Pradesh,North India,Gorakhpur,110,162,0,272,6,104,11,151,0,0,17,255
2018,Uttar Pradesh,North India,GRP,64,37,0,101,12,52,7,30,0,0,19,82
2019,Uttar Pradesh,North India,GRP,78,56,0,134,1,77,3,53,0,0,4,130
2020,Uttar Pradesh,North India,GRP,21,16,0,37,0,21,4,12,0,0,4,33
2021,Uttar Pradesh,North India,GRP,45,33,0,78,17,28,4,29,0,0,21,57
2022,Uttar Pradesh,North India,GRP,21,31,0,52,6,15,5,26,0,0,11,41
2018,Uttar Pradesh,North India,Hamirpur,18,89,0,107,11,7,84,5,0,0,95,12
2019,Uttar Pradesh,North India,Hamirpur,2,54,0,56,0,2,22,32,0,0,22,34
2020,Uttar Pradesh,North India,Hamirpur,20,12,0,32,0,20,1,11,0,0,1,31
2021,Uttar Pradesh,North India,Hamirpur,16,102,0,118,13,3,63,39,0,0,76,42
2022,Uttar Pradesh,North India,Hamirpur,21,165,0,186,13,8,113,52,0,0,126,60
2018,Uttar Pradesh,North India,Hapur,87,111,0,198,12,75,31,80,0,0,43,155
2019,Uttar Pradesh,North India,Hapur,73,103,0,176,8,65,21,82,0,0,29,147
2020,Uttar Pradesh,North India,Hapur,95,76,0,171,8,87,14,62,0,0,22,149
2021,Uttar Pradesh,North India,Hapur,35,42,0,77,2,33,6,36,0,0,8,69
2022,Uttar Pradesh,North India,Hapur,98,137,0,235,27,71,49,88,0,0,76,159
2018,Uttar Pradesh,North India,Hardoi,47,38,0,85,9,38,16,22,0,0,25,60
2019,Uttar Pradesh,North India,Hardoi,0,0,0,0,0,0,0,0,0,0,0,0
2020,Uttar Pradesh,North India,Hardoi,20,3,0,23,12,8,0,3,0,0,12,11
2021,Uttar Pradesh,North India,Hardoi,30,38,0,68,11,19,26,12,0,0,37,31
2022,Uttar Pradesh,North India,Hardoi,56,94,0,150,10,46,33,61,0,0,43,107
2018,Uttar Pradesh,North India,Hathras,31,41,0,72,7,24,10,31,0,0,17,55
2019,Uttar Pradesh,North India,Hathras,23,35,0,58,4,19,1,34,0,0,5,53
2020,Uttar Pradesh,North India,Hathras,15,21,0,36,3,12,2,19,0,0,5,31
2021,Uttar Pradesh,North India,Hathras,24,47,0,71,5,19,6,41,0,0,11,60
2022,Uttar Pradesh,North India,Hathras,30,61,0,91,8,22,10,51,0,0,18,73
2018,Uttar Pradesh,North India,Jalaun,46,45,0,91,8,38,11,34,0,0,19,72
2019,Uttar Pradesh,North India,Jalaun,39,41,0,80,6,33,8,33,0,0,14,66
2020,Uttar Pradesh,North India,Jalaun,61,2,0,63,9,52,0,2,0,0,9,54
2021,Uttar Pradesh,North India,Jalaun,24,83,0,107,2,22,47,36,0,0,49,58
2022,Uttar Pradesh,North India,Jalaun,28,2,0,30,0,28,2,0,0,0,2,28
2018,Uttar Pradesh,North India,Jaunpur,46,61,0,107,9,37,28,33,0,0,37,70
2019,Uttar Pradesh,North India,Jaunpur,28,58,0,86,6,22,17,41,0,0,23,63
2020,Uttar Pradesh,North India,Jaunpur,16,36,0,52,4,12,5,31,0,0,9,43
2021,Uttar Pradesh,North India,Jaunpur,33,54,0,87,5,28,12,42,0,0,17,70
2022,Uttar Pradesh,North India,Jaunpur,25,60,0,85,6,19,11,49,0,0,17,68
2018,Uttar Pradesh,North India,Jhansi,22,108,0,130,15,7,28,80,0,0,43,87
2019,Uttar Pradesh,North India,Jhansi,6,105,0,111,6,0,90,15,0,0,96,15
2020,Uttar Pradesh,North India,Jhansi,0,84,0,84,0,0,74,10,0,0,74,10
2021,Uttar Pradesh,North India,Jhansi,38,36,0,74,25,13,22,14,0,0,47,27
2022,Uttar Pradesh,North India,Jhansi,237,208,0,445,28,209,24,184,0,0,52,393
2018,Uttar Pradesh,North India,Kannauj,36,46,0,82,7,29,18,28,0,0,25,57
2019,Uttar Pradesh,North India,Kannauj,57,68,0,125,21,36,15,53,0,0,36,89
2020,Uttar Pradesh,North India,Kannauj,19,0,0,19,19,0,0,0,0,0,19,0
2021,Uttar Pradesh,North India,Kannauj,39,80,0,119,8,31,35,45,0,0,43,76
2022,Uttar Pradesh,North India,Kannauj,58,125,0,183,15,43,65,60,0,0,80,103
2021,Uttar Pradesh,North India,Kanpur Commissionarate,184,166,0,350,41,143,36,130,0,0,77,273
2022,Uttar Pradesh,North India,Kanpur Commissionarate,346,424,0,770,118,228,143,281,0,0,261,509
2018,Uttar Pradesh,North India,Kanpur Dehat,37,29,0,66,7,30,7,22,0,0,14,52
2019,Uttar Pradesh,North India,Kanpur Dehat,75,45,0,120,9,66,4,41,0,0,13,107
2020,Uttar Pradesh,North India,Kanpur Dehat,15,38,0,53,11,4,20,18,0,0,31,22
2021,Uttar Pradesh,North India,Kanpur Dehat,27,30,0,57,27,0,25,5,0,0,52,5
2022,Uttar Pradesh,North India,Kanpur Dehat,3,8,0,11,3,0,4,4,0,0,7,4
2018,Uttar Pradesh,North India,Kanpur Nagar,216,188,0,404,73,143,58,130,0,0,131,273
2019,Uttar Pradesh,North India,Kanpur Nagar,197,217,0,414,81,116,79,138,0,0,160,254
2020,Uttar Pradesh,North India,Kanpur Nagar,216,198,0,414,73,143,68,130,0,0,141,273
2021,Uttar Pradesh,North India,Kanpur Outer,26,41,0,67,10,16,5,36,0,0,15,52
2022,Uttar Pradesh,North India,Kanpur Outer,0,0,0,0,0,0,0,0,0,0,0,0
2018,Uttar Pradesh,North India,Kasganj,25,20,0,45,6,19,2,18,0,0,8,37
2019,Uttar Pradesh,North India,Kasganj,24,24,0,48,7,17,6,18,0,0,13,35
2020,Uttar Pradesh,North India,Kasganj,35,35,0,70,4,31,3,32,0,0,7,63
2021,Uttar Pradesh,North India,Kasganj,45,41,0,86,3,42,5,36,0,0,8,78
2022,Uttar Pradesh,North India,Kasganj,0,0,0,0,0,0,0,0,0,0,0,0
2018,Uttar Pradesh,North India,Kaushambi,40,92,0,132,40,0,92,0,0,0,132,0
2019,Uttar Pradesh,North India,Kaushambi,0,0,0,0,0,0,0,0,0,0,0,0
2020,Uttar Pradesh,North India,Kaushambi,22,96,0,118,8,14,49,47,0,0,57,61
2021,Uttar Pradesh,North India,Kaushambi,0,0,0,0,0,0,0,0,0,0,0,0
2022,Uttar Pradesh,North India,Kaushambi,0,54,156,210,0,0,54,0,156,0,210,0
2018,Uttar Pradesh,North India,Khiri,89,71,0,160,35,54,29,42,0,0,64,96
2019,Uttar Pradesh,North India,Khiri,98,94,0,192,41,57,45,49,0,0,86,106
2020,Uttar Pradesh,North India,Khiri,41,43,0,84,29,12,24,19,0,0,53,31
2021,Uttar Pradesh,North India,Khiri,30,51,0,81,27,3,43,8,0,0,70,11
2022,Uttar Pradesh,North India,Khiri,0,0,0,0,0,0,0,0,0,0,0,0
2018,Uttar Pradesh,North India,Kushi Nagar,8,11,0,19,7,1,9,2,0,0,16,3
2019,Uttar Pradesh,North India,Kushi Nagar,2,3,0,5,2,0,3,0,0,0,5,0
2020,Uttar Pradesh,North India,Kushi Nagar,5,27,0,32,1,4,18,9,0,0,19,13
2021,Uttar Pradesh,North India,Kushi Nagar,2,29,0,31,2,0,18,11,0,0,20,11
2022,Uttar Pradesh,North India,Kushi Nagar,8,35,0,43,2,6,14,21,0,0,16,27
2018,Uttar Pradesh,North India,Lalitpur,24,66,0,90,10,14,56,10,0,0,66,24
2019,Uttar Pradesh,North India,Lalitpur,5,32,0,37,5,0,0,32,0,0,5,32
2020,Uttar Pradesh,North India,Lalitpur,4,27,0,31,3,1,15,12,0,0,18,13
2021,Uttar Pradesh,North India,Lalitpur,8,66,0,74,3,5,34,32,0,0,37,37
2022,Uttar Pradesh,North India,Lalitpur,21,103,0,124,21,0,103,0,0,0,124,0
2018,Uttar Pradesh,North India,Lucknow,1042,850,0,1892,273,769,310,540,0,0,583,1309
2019,Uttar Pradesh,North India,Lucknow,428,419,0,847,250,178,260,159,0,0,510,337
2020,Uttar Pradesh,North India,Lucknow Commissionarate,530,439,0,969,208,322,205,234,0,0,413,556
2021,Uttar Pradesh,North India,Lucknow Commissionarate,0,0,0,0,0,0,0,0,0,0,0,0
2022,Uttar Pradesh,North India,Lucknow Commissionarate,157,180,0,337,157,0,180,0,0,0,337,0
2020,Uttar Pradesh,North India,Lucknow Grameen,72,93,0,165,10,62,13,80,0,0,23,142
2021,Uttar Pradesh,North India,Lucknow Grameen,30,16,0,46,16,14,16,0,0,0,32,14
2022,Uttar Pradesh,North India,Lucknow Grameen,0,0,0,0,0,0,0,0,0,0,0,0
2018,Uttar Pradesh,North India,Maharajganj,19,25,0,44,6,13,11,14,0,0,17,27
2019,Uttar Pradesh,North India,Maharajganj,16,39,0,55,2,14,14,25,0,0,16,39
2020,Uttar Pradesh,North India,Maharajganj,0,37,0,37,0,0,15,22,0,0,15,22
2021,Uttar Pradesh,North India,Maharajganj,3,31,0,34,2,1,9,22,0,0,11,23
2022,Uttar Pradesh,North India,Maharajganj,0,0,0,0,0,0,0,0,0,0,0,0
2018,Uttar Pradesh,North India,Mahoba,21,0,0,21,21,0,0,0,0,0,21,0
2019,Uttar Pradesh,North India,Mahoba,7,13,0,20,7,0,13,0,0,0,20,0
2020,Uttar Pradesh,North India,Mahoba,2,14,0,16,2,0,14,0,0,0,16,0
2021,Uttar Pradesh,North India,Mahoba,4,13,0,17,4,0,13,0,0,0,17,0
2022,Uttar Pradesh,North India,Mahoba,11,25,0,36,11,0,25,0,0,0,36,0
2018,Uttar Pradesh,North India,Mainpuri,22,77,0,99,3,19,75,2,0,0,78,21
2019,Uttar Pradesh,North India,Mainpuri,16,31,0,47,10,6,26,5,0,0,36,11
2020,Uttar Pradesh,North India,Mainpuri,15,33,0,48,15,0,33,0,0,0,48,0
2021,Uttar Pradesh,North India,Mainpuri,24,44,0,68,24,0,44,0,0,0,68,0
2022,Uttar Pradesh,North India,Mainpuri,0,0,0,0,0,0,0,0,0,0,0,0
2018,Uttar Pradesh,North India,Mathura,17,16,0,33,11,6,8,8,0,0,19,14
2019,Uttar Pradesh,North India,Mathura,5,18,0,23,3,2,11,7,0,0,14,9
2020,Uttar Pradesh,North India,Mathura,10,30,0,40,6,4,20,10,0,0,26,14
2021,Uttar Pradesh,North India,Mathura,0,0,0,0,0,0,0,0,0,0,0,0
2022,Uttar Pradesh,North India,Mathura,0,0,0,0,0,0,0,0,0,0,0,0
2018,Uttar Pradesh,North India,Mau,30,42,0,72,5,25,3,39,0,0,8,64
2019,Uttar Pradesh,North India,Mau,18,27,0,45,0,18,2,25,0,0,2,43
2020,Uttar Pradesh,North India,Mau,22,21,0,43,2,20,6,15,0,0,8,35
2021,Uttar Pradesh,North India,Mau,25,40,0,65,6,19,6,34,0,0,12,53
2022,Uttar Pradesh,North India,Mau,20,35,0,55,3,17,2,33,0,0,5,50
2018,Uttar Pradesh,North India,Meerut,121,94,0,215,7,114,4,90,0,0,11,204
2019,Uttar Pradesh,North India,Meerut,109,107,0,216,8,101,6,101,0,0,14,202
2020,Uttar Pradesh,North India,Meerut,68,68,0,136,2,66,6,62,0,0,8,128
2021,Uttar Pradesh,North India,Meerut,110,109,0,219,10,100,8,101,0,0,18,201
2022,Uttar Pradesh,North India,Meerut,122,112,0,234,11,111,12,100,0,0,23,211
2018,Uttar Pradesh,North India,Mirzapur,61,47,0,108,17,44,20,27,0,0,37,71
2019,Uttar Pradesh,North India,Mirzapur,59,92,0,151,19,40,29,63,0,0,48,103
2020,Uttar Pradesh,North India,Mirzapur,51,80,0,131,6,45,17,63,0,0,23,108
2021,Uttar Pradesh,North India,Mirzapur,45,77,0,122,11,34,17,60,0,0,28,94
2022,Uttar Pradesh,North India,Mirzapur,56,131,0,187,11,45,32,99,0,0,43,144
2018,Uttar Pradesh,North India,Moradabad,5,80,0,85,5,0,80,0,0,0,85,0
2019,Uttar Pradesh,North India,Moradabad,254,244,0,498,56,198,68,176,0,0,124,374
2020,Uttar Pradesh,North India,Moradabad,44,60,0,104,24,20,45,15,0,0,69,35
2021,Uttar Pradesh,North India,Moradabad,263,268,0,531,223,40,141,127,0,0,364,167
2022,Uttar Pradesh,North India,Moradabad,0,72,0,72,0,0,7,65,0,0,7,65
2018,Uttar Pradesh,North India,Muzaffarnagar,64,54,0,118,14,50,14,40,0,0,28,90
2019,Uttar Pradesh,North India,Muzaffarnagar,0,0,0,0,0,0,0,0,0,0,0,0
2020,Uttar Pradesh,North India,Muzaffarnagar,80,92,0,172,16,64,36,56,0,0,52,120
2021,Uttar Pradesh,North India,Muzaffarnagar,0,0,0,0,0,0,0,0,0,0,0,0
2022,Uttar Pradesh,North India,Muzaffarnagar,0,0,0,0,0,0,0,0,0,0,0,0
2018,Uttar Pradesh,North India,Pilibhit,63,48,0,111,4,59,7,41,0,0,11,100
2019,Uttar Pradesh,North India,Pilibhit,67,49,0,116,9,58,4,45,0,0,13,103
2020,Uttar Pradesh,North India,Pilibhit,69,50,0,119,9,60,6,44,0,0,15,104
2021,Uttar Pradesh,North India,Pilibhit,60,67,0,127,2,58,2,65,0,0,4,123
2022,Uttar Pradesh,North India,Pilibhit,104,93,0,197,5,99,0,93,0,0,5,192
2018,Uttar Pradesh,North India,Pratapgarh,11,5,0,16,11,0,5,0,0,0,16,0
2019,Uttar Pradesh,North India,Pratapgarh,16,23,0,39,5,11,18,5,0,0,23,16
2020,Uttar Pradesh,North India,Pratapgarh,13,22,0,35,4,9,6,16,0,0,10,25
2021,Uttar Pradesh,North India,Pratapgarh,25,32,0,57,25,0,32,0,0,0,57,0
2022,Uttar Pradesh,North India,Pratapgarh,0,0,0,0,0,0,0,0,0,0,0,0
2018,Uttar Pradesh,North India,Prayagraj,191,253,0,444,40,151,97,156,0,0,137,307
2019,Uttar Pradesh,North India,Prayagraj,177,206,0,383,37,140,71,135,0,0,108,275
2020,Uttar Pradesh,North India,Prayagraj,113,155,0,268,22,91,53,102,0,0,75,193
2021,Uttar Pradesh,North India,Prayagraj,139,221,0,360,21,118,60,161,0,0,81,279
2022,Uttar Pradesh,North India,Prayagraj,158,247,0,405,20,138,66,181,0,0,86,319
2018,Uttar Pradesh,North India,Raibareilly,29,45,0,74,9,20,20,25,0,0,29,45
2019,Uttar Pradesh,North India,Raibareilly,33,47,0,80,9,24,16,31,0,0,25,55
2020,Uttar Pradesh,North India,Raibareilly,40,64,0,104,5,35,15,49,0,0,20,84
2021,Uttar Pradesh,North India,Raibareilly,25,63,0,88,7,18,23,40,0,0,30,58
2022,Uttar Pradesh,North India,Raibareilly,43,93,0,136,8,35,32,61,0,0,40,96
2018,Uttar Pradesh,North India,Rampur,23,216,0,239,18,5,50,166,0,0,68,171
2019,Uttar Pradesh,North India,Rampur,2,9,0,11,2,0,4,5,0,0,6,5
2020,Uttar Pradesh,North India,Rampur,0,0,0,0,0,0,0,0,0,0,0,0
2021,Uttar Pradesh,North India,Rampur,1,2,0,3,1,0,2,0,0,0,3,0
2022,Uttar Pradesh,North India,Rampur,0,0,0,0,0,0,0,0,0,0,0,0
2018,Uttar Pradesh,North India,Saharanpur,120,83,0,203,17,103,3,80,0,0,20,183
2019,Uttar Pradesh,North India,Saharanpur,120,88,0,208,14,106,14,74,0,0,28,180
2020,Uttar Pradesh,North India,Saharanpur,64,64,0,128,9,55,13,51,0,0,22,106
2021,Uttar Pradesh,North India,Saharanpur,72,83,0,155,8,64,10,73,0,0,18,137
2022,Uttar Pradesh,North India,Saharanpur,109,112,0,221,12,97,12,100,0,0,24,197
2018,Uttar Pradesh,North India,Sambhal,43,30,0,73,6,37,6,24,0,0,12,61
2019,Uttar Pradesh,North India,Sambhal,22,23,0,45,5,17,6,17,0,0,11,34
2020,Uttar Pradesh,North India,Sambhal,12,17,0,29,2,10,9,8,0,0,11,18
2021,Uttar Pradesh,North India,Sambhal,10,21,0,31,2,8,3,18,0,0,5,26
2022,Uttar Pradesh,North India,Sambhal,28,45,0,73,4,24,9,36,0,0,13,60
2018,Uttar Pradesh,North India,Sant Kabirnagar,18,33,0,51,8,10,18,15,0,0,26,25
2019,Uttar Pradesh,North India,Sant Kabirnagar,23,61,0,84,2,21,30,31,0,0,32,52
2020,Uttar Pradesh,North India,Sant Kabirnagar,28,52,0,80,3,25,15,37,0,0,18,62
2021,Uttar Pradesh,North India,Sant Kabirnagar,27,66,0,93,3,24,0,66,0,0,3,90
2022,Uttar Pradesh,North India,Sant Kabirnagar,27,136,0,163,6,21,48,88,0,0,54,109
2018,Uttar Pradesh,North India,Shahjahanpur,54,53,0,107,9,45,9,44,0,0,18,89
2019,Uttar Pradesh,North India,Shahjahanpur,72,77,0,149,17,55,23,54,0,0,40,109
2020,Uttar Pradesh,North India,Shahjahanpur,58,72,0,130,7,51,25,47,0,0,32,98
2021,Uttar Pradesh,North India,Shahjahanpur,94,87,0,181,7,87,26,61,0,0,33,148
2022,Uttar Pradesh,North India,Shahjahanpur,62,116,0,178,18,44,33,83,0,0,51,127
2018,Uttar Pradesh,North India,Shamli,36,33,0,69,11,25,2,31,0,0,13,56
2019,Uttar Pradesh,North India,Shamli,40,43,0,83,4,36,7,36,0,0,11,72
2020,Uttar Pradesh,North India,Shamli,31,46,0,77,7,24,5,41,0,0,12,65
2021,Uttar Pradesh,North India,Shamli,51,40,0,91,8,43,4,36,0,0,12,79
2022,Uttar Pradesh,North India,Shamli,49,48,0,97,4,45,4,44,0,0,8,89
2018,Uttar Pradesh,North India,Shrawasti,0,1,0,1,0,0,1,0,0,0,1,0
2019,Uttar Pradesh,North India,Shrawasti,11,5,0,16,1,10,5,0,0,0,6,10
2020,Uttar Pradesh,North India,Shrawasti,15,20,0,35,13,2,19,1,0,0,32,3
2021,Uttar Pradesh,North India,Shrawasti,7,12,0,19,7,0,6,6,0,0,13,6
2022,Uttar Pradesh,North India,Shrawasti,23,40,0,63,11,12,7,33,0,0,18,45
2018,Uttar Pradesh,North India,Sidharthnagar,41,36,0,77,9,32,8,28,0,0,17,60
2019,Uttar Pradesh,North India,Sidharthnagar,34,27,0,61,8,26,5,22,0,0,13,48
2020,Uttar Pradesh,North India,Sidharthnagar,22,42,0,64,3,19,4,38,0,0,7,57
2021,Uttar Pradesh,North India,Sidharthnagar,45,85,0,130,6,39,9,76,0,0,15,115
2022,Uttar Pradesh,North India,Sidharthnagar,53,163,0,216,5,48,6,157,0,0,11,205
2018,Uttar Pradesh,North India,Sitapur,112,127,0,239,41,71,29,98,0,0,70,169
2019,Uttar Pradesh,North India,Sitapur,148,160,0,308,58,90,53,107,0,0,111,197
2020,Uttar Pradesh,North India,Sitapur,100,99,0,199,25,75,24,75,0,0,49,150
2021,Uttar Pradesh,North India,Sitapur,364,400,0,764,201,163,223,177,0,0,424,340
2022,Uttar Pradesh,North India,Sitapur,173,169,0,342,33,140,25,144,0,0,58,284
2018,Uttar Pradesh,North India,Sonbhadra,49,58,0,107,13,36,0,58,0,0,13,94
2019,Uttar Pradesh,North India,Sonbhadra,70,110,0,180,20,50,26,84,0,0,46,134
2020,Uttar Pradesh,North India,Sonbhadra,47,94,0,141,12,35,16,78,0,0,28,113
2021,Uttar Pradesh,North India,Sonbhadra,43,94,0,137,3,40,14,80,0,0,17,120
2022,Uttar Pradesh,North India,Sonbhadra,67,145,0,212,11,56,24,121,0,0,35,177
2018,Uttar Pradesh,North India,Sultanpur,25,27,0,52,18,7,8,19,0,0,26,26
2019,Uttar Pradesh,North India,Sultanpur,17,35,0,52,5,12,11,24,0,0,16,36
2020,Uttar Pradesh,North India,Sultanpur,7,21,0,28,3,4,8,13,0,0,11,17
2021,Uttar Pradesh,North India,Sultanpur,18,34,0,52,3,15,9,25,0,0,12,40
2022,Uttar Pradesh,North India,Sultanpur,25,11,0,36,5,20,3,8,0,0,8,28
2018,Uttar Pradesh,North India,Total,5214,5777,0,10991,1341,3873,1965,3812,0,0,3306,7685
2019,Uttar Pradesh,North India,Total,4980,5828,0,10808,1283,3697,1901,3927,0,0,3184,7624
2020,Uttar Pradesh,North India,Total Districts ,3982,5020,0,9002,911,3071,1469,3551,0,0,2380,6622
2021,Uttar Pradesh,North India,Total Districts ,4420,6668,0,11088,1354,3066,2168,4500,0,0,3522,7566
2022,Uttar Pradesh,North India,Total Districts ,4544,7378,156,12078,1177,3367,2061,5317,156,0,3394,8684
2018,Uttar Pradesh,North India,Unnao,66,80,0,146,19,47,21,59,0,0,40,106
2019,Uttar Pradesh,North India,Unnao,69,83,0,152,30,39,42,41,0,0,72,80
2020,Uttar Pradesh,North India,Unnao,58,82,0,140,9,49,16,66,0,0,25,115
2021,Uttar Pradesh,North India,Unnao,65,91,0,156,11,54,28,63,0,0,39,117
2022,Uttar Pradesh,North India,Unnao,0,0,0,0,0,0,0,0,0,0,0,0
2018,Uttar Pradesh,North India,Varanasi,177,151,0,328,43,134,41,110,0,0,84,244
2019,Uttar Pradesh,North India,Varanasi,195,167,0,362,27,168,38,129,0,0,65,297
2020,Uttar Pradesh,North India,Varanasi,158,183,0,341,14,144,32,151,0,0,46,295
2021,Uttar Pradesh,North India,Varanasi Commissionarate,151,161,0,312,15,136,27,134,0,0,42,270
2022,Uttar Pradesh,North India,Varanasi Commissionarate,224,239,0,463,33,191,65,174,0,0,98,365
2021,Uttar Pradesh,North India,Vasanasi Dehat,7,15,0,22,3,4,10,5,0,0,13,9
2022,Uttar Pradesh,North India,Vasanasi Dehat,0,0,0,0,0,0,0,0,0,0,0,0
2018,Uttarakhand,North India,Almora,0,0,0,0,0,0,0,0,0,0,0,0
2019,Uttarakhand,North India,Almora,0,0,0,0,0,0,0,0,0,0,0,0
2020,Uttarakhand,North India,Almora,15,26,0,41,1,14,3,23,0,0,4,37
2021,Uttarakhand,North India,Almora,39,35,0,74,5,34,10,25,0,0,15,59
2022,Uttarakhand,North India,Almora,48,57,0,105,6,42,13,44,0,0,19,86
2018,Uttarakhand,North India,Bageshwar,0,0,0,0,0,0,0,0,0,0,0,0
2019,Uttarakhand,North India,Bageshwar,0,0,0,0,0,0,0,0,0,0,0,0
2020,Uttarakhand,North India,Bageshwar,14,30,0,44,3,11,7,23,0,0,10,34
2021,Uttarakhand,North India,Bageshwar,31,42,0,73,5,26,8,34,0,0,13,60
2022,Uttarakhand,North India,Bageshwar,28,34,0,62,5,23,8,26,0,0,13,49
2018,Uttarakhand,North India,Chamoli,0,0,0,0,0,0,0,0,0,0,0,0
2019,Uttarakhand,North India,Chamoli,0,0,0,0,0,0,0,0,0,0,0,0
2020,Uttarakhand,North India,Chamoli,24,21,0,45,1,23,7,14,0,0,8,37
2021,Uttarakhand,North India,Chamoli,218,39,0,257,7,211,8,31,0,0,15,242
2022,Uttarakhand,North India,Chamoli,26,35,0,61,3,23,9,26,0,0,12,49
2018,Uttarakhand,North India,Champawat,0,0,0,0,0,0,0,0,0,0,0,0
2019,Uttarakhand,North India,Champawat,0,0,0,0,0,0,0,0,0,0,0,0
2020,Uttarakhand,North India,Champawat,19,27,0,46,4,15,5,22,0,0,9,37
2021,Uttarakhand,North India,Champawat,31,32,0,63,9,22,9,23,0,0,18,45
2022,Uttarakhand,North India,Champawat,51,65,0,116,10,41,17,48,0,0,27,89
2021,Uttarakhand,North India,Cyber Cell,0,0,0,0,0,0,0,0,0,0,0,0
2022,Uttarakhand,North India,Cyber Cell,0,0,0,0,0,0,0,0,0,0,0,0
2018,Uttarakhand,North India,Dehradun,0,0,0,0,0,0,0,0,0,0,0,0
2019,Uttarakhand,North India,Dehradun,0,0,0,0,0,0,0,0,0,0,0,0
2020,Uttarakhand,North India,Dehradun,180,191,0,371,8,172,32,159,0,0,40,331
2021,Uttarakhand,North India,Dehradun,327,394,0,721,23,304,30,364,0,0,53,668
2022,Uttarakhand,North India,Dehradun,384,439,0,823,9,375,9,430,0,0,18,805
2018,Uttarakhand,North India,GRP,0,0,0,0,0,0,0,0,0,0,0,0
2019,Uttarakhand,North India,GRP,0,0,0,0,0,0,0,0,0,0,0,0
2020,Uttarakhand,North India,GRP,0,0,0,0,0,0,0,0,0,0,0,0
2021,Uttarakhand,North India,GRP,0,0,0,0,0,0,0,0,0,0,0,0
2022,Uttarakhand,North India,GRP,3,1,0,4,0,3,0,1,0,0,0,4
2018,Uttarakhand,North India,Haridwar,0,0,0,0,0,0,0,0,0,0,0,0
2019,Uttarakhand,North India,Haridwar,0,0,0,0,0,0,0,0,0,0,0,0
2020,Uttarakhand,North India,Haridwar,212,274,0,486,31,181,56,218,0,0,87,399
2021,Uttarakhand,North India,Haridwar,401,420,0,821,63,338,81,339,0,0,144,677
2022,Uttarakhand,North India,Haridwar,492,417,0,909,96,396,103,314,0,0,199,710
2018,Uttarakhand,North India,Nainital,0,0,0,0,0,0,0,0,0,0,0,0
2019,Uttarakhand,North India,Nainital,0,0,0,0,0,0,0,0,0,0,0,0
2020,Uttarakhand,North India,Nainital,96,152,0,248,30,66,46,106,0,0,76,172
2021,Uttarakhand,North India,Nainital,186,242,0,428,40,146,74,168,0,0,114,314
2022,Uttarakhand,North India,Nainital,194,228,0,422,24,170,63,165,0,0,87,335
2018,Uttarakhand,North India,Pauri Garhwal,0,0,0,0,0,0,0,0,0,0,0,0
2019,Uttarakhand,North India,Pauri Garhwal,0,0,0,0,0,0,0,0,0,0,0,0
2020,Uttarakhand,North India,Pauri Garhwal,29,38,0,67,3,26,11,27,0,0,14,53
2021,Uttarakhand,North India,Pauri Garhwal,43,48,0,91,3,40,5,43,0,0,8,83
2022,Uttarakhand,North India,Pauri Garhwal,48,66,0,114,8,40,8,58,0,0,16,98
2018,Uttarakhand,North India,Pithoragarh,17,30,0,47,6,11,9,21,0,0,15,32
2019,Uttarakhand,North India,Pithoragarh,0,0,0,0,0,0,0,0,0,0,0,0
2020,Uttarakhand,North India,Pithoragarh,9,17,0,26,1,8,9,8,0,0,10,16
2021,Uttarakhand,North India,Pithoragarh,21,31,0,52,7,14,17,14,0,0,24,28
2022,Uttarakhand,North India,Pithoragarh,26,40,0,66,10,16,22,18,0,0,32,34
2018,Uttarakhand,North India,Rudra Prayag,0,0,0,0,0,0,0,0,0,0,0,0
2019,Uttarakhand,North India,Rudra Prayag,0,0,0,0,0,0,0,0,0,0,0,0
2020,Uttarakhand,North India,Rudra Prayag,5,21,0,26,1,4,5,16,0,0,6,20
2021,Uttarakhand,North India,Rudra Prayag,10,16,0,26,0,10,2,14,0,0,2,24
2022,Uttarakhand,North India,Rudra Prayag,13,21,0,34,1,12,6,15,0,0,7,27
2018,Uttarakhand,North India,Tehri Garhwal,1078,1187,0,2265,291,787,327,860,0,0,618,1647
2019,Uttarakhand,North India,Tehri Garhwal,1018,1175,0,2193,236,782,303,872,0,0,539,1654
2020,Uttarakhand,North India,Tehri Garhwal,16,41,0,57,2,14,2,39,0,0,4,53
2021,Uttarakhand,North India,Tehri Garhwal,33,82,0,115,11,22,23,59,0,0,34,81
2022,Uttarakhand,North India,Tehri Garhwal,37,67,0,104,7,30,18,49,0,0,25,79
2018,Uttarakhand,North India,Total,1095,1217,0,2312,297,798,336,881,0,0,633,1679
2019,Uttarakhand,North India,Total,1018,1175,0,2193,236,782,303,872,0,0,539,1654
2020,Uttarakhand,North India,Total Districts ,789,1108,0,1897,128,661,271,837,0,0,399,1498
2021,Uttarakhand,North India,Total Districts ,1594,1857,0,3451,226,1368,400,1457,0,0,626,2825
2022,Uttarakhand,North India,Total Districts ,1663,2057,0,3720,225,1438,425,1632,0,0,650,3070
2018,Uttarakhand,North India,Udhamsingh Nagar,0,0,0,0,0,0,0,0,0,0,0,0
2019,Uttarakhand,North India,Udhamsingh Nagar,0,0,0,0,0,0,0,0,0,0,0,0
2020,Uttarakhand,North India,Udhamsingh Nagar,161,253,0,414,41,120,87,166,0,0,128,286
2021,Uttarakhand,North India,Udhamsingh Nagar,253,476,0,729,52,201,133,343,0,0,185,544
2022,Uttarakhand,North India,Udhamsingh Nagar,284,561,0,845,43,241,146,415,0,0,189,656
2018,Uttarakhand,North India,Uttarkashi,0,0,0,0,0,0,0,0,0,0,0,0
2019,Uttarakhand,North India,Uttarkashi,0,0,0,0,0,0,0,0,0,0,0,0
2020,Uttarakhand,North India,Uttarkashi,9,17,0,26,2,7,1,16,0,0,3,23
2021,Uttarakhand,North India,Uttarkashi,1,0,0,1,1,0,0,0,0,0,1,0
2022,Uttarakhand,North India,Uttarkashi,29,26,0,55,3,26,3,23,0,0,6,49
2018,West Bengal,North India,Alipurduar,299,720,0,1019,26,273,148,572,0,0,174,845
2019,West Bengal,North India,Alipurduar,299,720,0,1019,26,273,148,572,0,0,174,845
2020,West Bengal,North India,Alipurduar,231,513,0,744,29,202,101,412,0,0,130,614
2021,West Bengal,North India,Alipurduar,297,809,0,1106,22,275,138,671,0,0,160,946
2022,West Bengal,North India,Alipurduar,352,935,0,1287,25,327,145,790,0,0,170,1117
2018,West Bengal,North India,Asansol-Durgapur PC,523,697,0,1220,37,486,73,624,0,0,110,1110
2019,West Bengal,North India,Asansol-Durgapur PC,523,697,0,1220,37,486,73,624,0,0,110,1110
2020,West Bengal,North India,Asansol-Durgapur PC,420,562,0,982,16,404,43,519,0,0,59,923
2021,West Bengal,North India,Asansol-Durgapur PC,505,723,0,1228,14,491,82,641,0,0,96,1132
2022,West Bengal,North India,Asansol-Durgapur PC,756,899,0,1655,41,715,138,761,0,0,179,1476
2020,West Bengal,North India,Bangaon,156,630,0,786,5,151,159,471,0,0,164,622
2021,West Bengal,North India,Bangaon,26,347,0,373,21,5,281,66,0,0,302,71
2022,West Bengal,North India,Bangaon,282,1094,0,1376,30,252,282,812,0,0,312,1064
2018,West Bengal,North India,Bankura,373,674,0,1047,30,343,91,583,0,0,121,926
2019,West Bengal,North India,Bankura,373,674,0,1047,30,343,91,583,0,0,121,926
2020,West Bengal,North India,Bankura,269,649,0,918,6,263,92,557,0,0,98,820
2021,West Bengal,North India,Bankura,330,742,0,1072,4,326,136,606,0,0,140,932
2022,West Bengal,North India,Bankura,437,1035,0,1472,9,428,238,797,0,0,247,1225
2018,West Bengal,North India,Barasat,892,2236,0,3128,117,775,607,1629,0,0,724,2404
2019,West Bengal,North India,Barasat,892,2236,0,3128,117,775,607,1629,0,0,724,2404
2020,West Bengal,North India,Barasat,36,286,0,322,26,10,264,22,0,0,290,32
2021,West Bengal,North India,Barasat,569,1524,0,2093,401,168,1235,289,0,0,1636,457
2022,West Bengal,North India,Barasat,794,1666,0,2460,84,710,436,1230,0,0,520,1940
2018,West Bengal,North India,Barrackpur PC,1377,1837,0,3214,139,1238,471,1366,0,0,610,2604
2019,West Bengal,North India,Barrackpur PC,1377,1837,0,3214,139,1238,471,1366,0,0,610,2604
2020,West Bengal,North India,Barrackpur PC,1009,1580,0,2589,74,935,334,1246,0,0,408,2181
2021,West Bengal,North India,Barrackpur PC,604,812,0,1416,50,554,163,649,0,0,213,1203
2022,West Bengal,North India,Barrackpur PC,1305,1781,0,3086,115,1190,390,1391,0,0,505,2581
2018,West Bengal,North India,Baruipur Police,540,1133,0,1673,71,469,304,829,0,0,375,1298
2019,West Bengal,North India,Baruipur Police,540,1133,0,1673,71,469,304,829,0,0,375,1298
2020,West Bengal,North India,Baruipur Police,233,1340,0,1573,154,79,217,1123,0,0,371,1202
2021,West Bengal,North India,Baruipur Police,616,1895,0,2511,52,564,407,1488,0,0,459,2052
2022,West Bengal,North India,Baruipur Police,732,1622,0,2354,66,666,500,1122,0,0,566,1788
2018,West Bengal,North India,Basirhat,331,1056,0,1387,32,299,325,731,0,0,357,1030
2019,West Bengal,North India,Basirhat,331,1056,0,1387,32,299,325,731,0,0,357,1030
2020,West Bengal,North India,Basirhat,221,930,0,1151,20,201,462,468,0,0,482,669
2021,West Bengal,North India,Basirhat,405,0,0,405,0,405,0,0,0,0,0,405
2022,West Bengal,North India,Basirhat,358,774,0,1132,25,333,387,387,0,0,412,720
2018,West Bengal,North India,Bidhannagar PC,379,587,0,966,29,350,130,457,0,0,159,807
2019,West Bengal,North India,Bidhannagar PC,379,587,0,966,29,350,130,457,0,0,159,807
2020,West Bengal,North India,Bidhannagar PC,285,457,0,742,12,273,74,383,0,0,86,656
2021,West Bengal,North India,Bidhannagar PC,329,523,0,852,15,314,85,438,0,0,100,752
2022,West Bengal,North India,Bidhannagar PC,410,571,0,981,46,364,121,450,0,0,167,814
2018,West Bengal,North India,Birbhum,238,405,0,643,10,228,47,358,0,0,57,586
2019,West Bengal,North India,Birbhum,238,405,0,643,10,228,47,358,0,0,57,586
2020,West Bengal,North India,Birbhum,282,497,0,779,10,272,44,453,0,0,54,725
2021,West Bengal,North India,Birbhum,281,551,0,832,5,276,66,485,0,0,71,761
2022,West Bengal,North India,Birbhum,375,755,0,1130,18,357,91,664,0,0,109,1021
2018,West Bengal,North India,Chandannagar PC,390,550,0,940,26,364,86,464,0,0,112,828
2019,West Bengal,North India,Chandannagar PC,390,550,0,940,26,364,86,464,0,0,112,828
2020,West Bengal,North India,Chandannagar PC,298,413,0,711,12,286,67,346,0,0,79,632
2021,West Bengal,North India,Chandannagar PC,337,486,0,823,10,327,68,418,0,0,78,745
2022,West Bengal,North India,Chandannagar PC,450,540,0,990,34,416,92,448,0,0,126,864
2018,West Bengal,North India,Coochbehar,407,1126,0,1533,40,367,184,942,0,0,224,1309
2019,West Bengal,North India,Coochbehar,407,1126,0,1533,40,367,184,942,0,0,224,1309
2020,West Bengal,North India,Coochbehar,293,1012,0,1305,27,266,241,771,0,0,268,1037
2021,West Bengal,North India,Coochbehar,416,1375,0,1791,32,384,353,1022,0,0,385,1406
2022,West Bengal,North India,Coochbehar,545,1794,0,2339,50,495,521,1273,0,0,571,1768
2018,West Bengal,North India,Dakshin Dinajpur,302,913,0,1215,38,264,201,712,0,0,239,976
2019,West Bengal,North India,Dakshin Dinajpur,302,913,0,1215,38,264,201,712,0,0,239,976
2020,West Bengal,North India,Dakshin Dinajpur,203,818,0,1021,22,181,193,625,0,0,215,806
2021,West Bengal,North India,Dakshin Dinajpur,259,1014,0,1273,28,231,251,763,0,0,279,994
2022,West Bengal,North India,Dakshin Dinajpur,377,1363,0,1740,43,334,371,992,0,0,414,1326
2018,West Bengal,North India,Darjeeling,126,303,0,429,10,116,34,269,0,0,44,385
2019,West Bengal,North India,Darjeeling,126,303,0,429,10,116,34,269,0,0,44,385
2020,West Bengal,North India,Darjeeling,110,306,0,416,6,104,40,266,0,0,46,370
2021,West Bengal,North India,Darjeeling,127,256,0,383,17,110,22,234,0,0,39,344
2022,West Bengal,North India,Darjeeling,121,278,0,399,4,117,25,253,0,0,29,370
2018,West Bengal,North India,Diamond Harbour Police,629,1331,0,1960,87,542,352,979,0,0,439,1521
2019,West Bengal,North India,Diamond Harbour Police,629,1331,0,1960,87,542,352,979,0,0,439,1521
2020,West Bengal,North India,Diamond Harbour Police,271,586,0,857,28,243,179,407,0,0,207,650
2021,West Bengal,North India,Diamond Harbour Police,415,795,0,1210,23,392,110,685,0,0,133,1077
2022,West Bengal,North India,Diamond Harbour Police,622,1228,0,1850,30,592,205,1023,0,0,235,1615
2018,West Bengal,North India,Hooghly Rural Police,434,972,0,1406,36,398,235,737,0,0,271,1135
2019,West Bengal,North India,Hooghly Rural Police,434,972,0,1406,36,398,235,737,0,0,271,1135
2020,West Bengal,North India,Hooghly Rural Police,265,818,0,1083,2,263,119,699,0,0,121,962
2021,West Bengal,North India,Hooghly Rural Police,386,1050,0,1436,13,373,162,888,0,0,175,1261
2022,West Bengal,North India,Hooghly Rural Police,446,1144,0,1590,24,422,251,893,0,0,275,1315
2018,West Bengal,North India,Howrah GRP,74,28,0,102,8,66,4,24,0,0,12,90
2019,West Bengal,North India,Howrah GRP,74,28,0,102,8,66,4,24,0,0,12,90
2020,West Bengal,North India,Howrah GRP,22,8,0,30,1,21,1,7,0,0,2,28
2021,West Bengal,North India,Howrah GRP,18,9,0,27,2,16,1,8,0,0,3,24
2022,West Bengal,North India,Howrah GRP,10,7,0,17,0,10,0,7,0,0,0,17
2018,West Bengal,North India,Howrah PC,786,876,0,1662,108,678,161,715,0,0,269,1393
2019,West Bengal,North India,Howrah PC,786,876,0,1662,108,678,161,715,0,0,269,1393
2020,West Bengal,North India,Howrah PC,655,837,0,1492,30,625,180,657,0,0,210,1282
2021,West Bengal,North India,Howrah PC,784,1081,1,1866,59,725,263,818,0,1,322,1544
2022,West Bengal,North India,Howrah PC,897,1158,0,2055,89,808,295,863,0,0,384,1671
2018,West Bengal,North India,Howrah Rural,525,1106,0,1631,44,481,286,820,0,0,330,1301
2019,West Bengal,North India,Howrah Rural,525,1106,0,1631,44,481,286,820,0,0,330,1301
2020,West Bengal,North India,Howrah Rural,259,714,0,973,10,249,181,533,0,0,191,782
2021,West Bengal,North India,Howrah Rural,303,898,0,1201,31,272,260,638,0,0,291,910
2022,West Bengal,North India,Howrah Rural,374,1038,0,1412,24,350,295,743,0,0,319,1093
2020,West Bengal,North India,Islampur,110,281,0,391,6,104,19,262,0,0,25,366
2021,West Bengal,North India,Islampur,207,390,0,597,94,113,32,358,0,0,126,471
2022,West Bengal,North India,Islampur,197,520,0,717,19,178,117,403,0,0,136,581
2018,West Bengal,North India,Jalpaiguri,359,816,0,1175,24,335,88,728,0,0,112,1063
2019,West Bengal,North India,Jalpaiguri,359,816,0,1175,24,335,88,728,0,0,112,1063
2020,West Bengal,North India,Jalpaiguri,327,724,0,1051,16,311,100,624,0,0,116,935
2021,West Bengal,North India,Jalpaiguri,322,947,0,1269,7,315,188,759,0,0,195,1074
2022,West Bengal,North India,Jalpaiguri,346,1030,0,1376,21,325,204,826,0,0,225,1151
2020,West Bengal,North India,Jangipur Police District,157,293,0,450,106,51,190,103,0,0,296,154
2021,West Bengal,North India,Jangipur Police District,28,143,0,171,23,5,136,7,0,0,159,12
2022,West Bengal,North India,Jangipur Police District,344,523,0,867,7,337,17,506,0,0,24,843
2018,West Bengal,North India,Jhargram,94,239,0,333,6,88,51,188,0,0,57,276
2019,West Bengal,North India,Jhargram,94,239,0,333,6,88,51,188,0,0,57,276
2020,West Bengal,North India,Jhargram,97,258,0,355,2,95,50,208,0,0,52,303
2021,West Bengal,North India,Jhargram,99,314,0,413,0,99,75,239,0,0,75,338
2022,West Bengal,North India,Jhargram,117,369,0,486,6,111,115,254,0,0,121,365
2018,West Bengal,North India,Kalimpong,53,122,0,175,10,43,19,103,0,0,29,146
2019,West Bengal,North India,Kalimpong,53,122,0,175,10,43,19,103,0,0,29,146
2020,West Bengal,North India,Kalimpong,36,110,0,146,0,36,22,88,0,0,22,124
2021,West Bengal,North India,Kalimpong,60,120,0,180,7,53,20,100,0,0,27,153
2022,West Bengal,North India,Kalimpong,0,0,0,0,0,0,0,0,0,0,0,0
2018,West Bengal,North India,Kharagpur GRP,10,1,0,11,1,9,0,1,0,0,1,10
2019,West Bengal,North India,Kharagpur GRP,10,1,0,11,1,9,0,1,0,0,1,10
2020,West Bengal,North India,Kharagpur GRP,2,2,0,4,0,2,0,2,0,0,0,4
2021,West Bengal,North India,Kharagpur GRP,1,1,0,2,0,1,0,1,0,0,0,2
2022,West Bengal,North India,Kharagpur GRP,14,1,0,15,0,14,0,1,0,0,0,15
2018,West Bengal,North India,Kolkata,2339,2584,0,4923,323,2016,666,1918,0,0,989,3934
2019,West Bengal,North India,Kolkata,2339,2584,0,4923,323,2016,666,1918,0,0,989,3934
2020,West Bengal,North India,Kolkata,1579,1801,0,3380,154,1425,393,1408,0,0,547,2833
2021,West Bengal,North India,Kolkata,1774,1882,0,3656,196,1578,516,1366,0,0,712,2944
2022,West Bengal,North India,Kolkata,2228,2226,0,4454,251,1977,552,1674,0,0,803,3651
2020,West Bengal,North India,Krishnagar,239,706,0,945,7,232,71,635,0,0,78,867
2021,West Bengal,North India,Krishnagar,456,957,0,1413,58,398,215,742,0,0,273,1140
2022,West Bengal,North India,Krishnagar,258,2081,0,2339,31,227,586,1495,0,0,617,1722
2018,West Bengal,North India,Malda,536,1083,0,1619,87,449,227,856,0,0,314,1305
2019,West Bengal,North India,Malda,536,1083,0,1619,87,449,227,856,0,0,314,1305
2020,West Bengal,North India,Malda,55,980,0,1035,2,53,483,497,0,0,485,550
2021,West Bengal,North India,Malda,591,1957,0,2548,115,476,793,1164,0,0,908,1640
2022,West Bengal,North India,Malda,668,2093,0,2761,106,562,660,1433,0,0,766,1995
2018,West Bengal,North India,Murshidabad,654,1796,0,2450,32,622,38,1758,0,0,70,2380
2019,West Bengal,North India,Murshidabad,654,1796,0,2450,32,622,38,1758,0,0,70,2380
2020,West Bengal,North India,Murshidabad Police District,594,1691,0,2285,25,569,210,1481,0,0,235,2050
2021,West Bengal,North India,Murshidabad Police District,493,1414,0,1907,23,470,253,1161,0,0,276,1631
2022,West Bengal,North India,Murshidabad Police District,774,1740,0,2514,186,588,385,1355,0,0,571,1943
2018,West Bengal,North India,Nadia,958,2468,0,3426,82,876,392,2076,0,0,474,2952
2019,West Bengal,North India,Nadia,958,2468,0,3426,82,876,392,2076,0,0,474,2952
2018,West Bengal,North India,Paschim Medinipur,545,1260,0,1805,52,493,350,910,0,0,402,1403
2019,West Bengal,North India,Paschim Medinipur,545,1260,0,1805,52,493,350,910,0,0,402,1403
2020,West Bengal,North India,Paschim Medinipur,595,1642,0,2237,27,568,528,1114,0,0,555,1682
2021,West Bengal,North India,Paschim Medinipur,456,1621,0,2077,23,433,593,1028,0,0,616,1461
2022,West Bengal,North India,Paschim Medinipur,677,2257,0,2934,52,625,868,1389,0,0,920,2014
2018,West Bengal,North India,Purab Medinipur,316,974,0,1290,36,280,258,716,0,0,294,996
2019,West Bengal,North India,Purab Medinipur,316,974,0,1290,36,280,258,716,0,0,294,996
2020,West Bengal,North India,Purab Medinipur,369,1588,0,1957,39,330,507,1081,0,0,546,1411
2021,West Bengal,North India,Purab Medinipur,393,1629,0,2022,39,354,560,1069,0,0,599,1423
2022,West Bengal,North India,Purab Medinipur,573,2334,0,2907,66,507,863,1471,0,0,929,1978
2018,West Bengal,North India,Purba Bardhaman,434,1007,0,1441,40,394,281,726,0,0,321,1120
2019,West Bengal,North India,Purba Bardhaman,434,1007,0,1441,40,394,281,726,0,0,321,1120
2020,West Bengal,North India,Purba Bardhaman,495,1189,0,1684,34,461,417,772,0,0,451,1233
2021,West Bengal,North India,Purba Bardhaman,615,1590,0,2205,24,591,384,1206,0,0,408,1797
2022,West Bengal,North India,Purba Bardhaman,772,2181,0,2953,46,726,621,1560,0,0,667,2286
2018,West Bengal,North India,Purulia,155,273,0,428,6,149,22,251,0,0,28,400
2019,West Bengal,North India,Purulia,155,273,0,428,6,149,22,251,0,0,28,400
2020,West Bengal,North India,Purulia,126,305,0,431,12,114,60,245,0,0,72,359
2021,West Bengal,North India,Purulia,163,380,0,543,5,158,53,327,0,0,58,485
2022,West Bengal,North India,Purulia,220,490,0,710,16,204,91,399,0,0,107,603
2020,West Bengal,North India,Raiganj,156,460,0,616,15,141,60,400,0,0,75,541
2021,West Bengal,North India,Raiganj,192,579,0,771,14,178,77,502,0,0,91,680
2022,West Bengal,North India,Raiganj,176,540,0,716,14,162,64,476,0,0,78,638
2020,West Bengal,North India,Ranaghat,452,1091,0,1543,12,440,267,824,0,0,279,1264
2021,West Bengal,North India,Ranaghat,0,0,0,0,0,0,0,0,0,0,0,0
2022,West Bengal,North India,Ranaghat,275,555,0,830,204,71,32,523,0,0,236,594
2018,West Bengal,North India,Sealdah GRP,17,28,0,45,3,14,6,22,0,0,9,36
2019,West Bengal,North India,Sealdah GRP,17,28,0,45,3,14,6,22,0,0,9,36
2020,West Bengal,North India,Sealdah GRP,9,12,0,21,3,6,4,8,0,0,7,14
2021,West Bengal,North India,Sealdah GRP,4,12,0,16,0,4,2,10,0,0,2,14
2022,West Bengal,North India,Sealdah GRP,22,18,0,40,3,19,6,12,0,0,9,31
2018,West Bengal,North India,Siliguri GRP,6,3,0,9,0,6,0,3,0,0,0,9
2019,West Bengal,North India,Siliguri GRP,6,3,0,9,0,6,0,3,0,0,0,9
2020,West Bengal,North India,Siliguri GRP,1,1,0,2,0,1,0,1,0,0,0,2
2021,West Bengal,North India,Siliguri GRP,2,1,0,3,1,1,0,1,0,0,1,2
2022,West Bengal,North India,Siliguri GRP,3,1,0,4,0,3,0,1,0,0,0,4
2018,West Bengal,North India,Siliguri PC,511,958,0,1469,68,443,255,703,0,0,323,1146
2019,West Bengal,North India,Siliguri PC,511,958,0,1469,68,443,255,703,0,0,323,1146
2020,West Bengal,North India,Siliguri PC,451,818,0,1269,47,404,185,633,0,0,232,1037
2021,West Bengal,North India,Siliguri PC,511,989,0,1500,65,446,245,744,0,0,310,1190
2022,West Bengal,North India,Siliguri PC,560,1017,0,1577,61,499,263,754,0,0,324,1253
2018,West Bengal,North India,Sundarban Police,210,590,0,800,22,188,64,526,0,0,86,714
2019,West Bengal,North India,Sundarban Police,210,590,0,800,22,188,64,526,0,0,86,714
2020,West Bengal,North India,Sundarban Police,167,526,0,693,11,156,83,443,0,0,94,599
2021,West Bengal,North India,Sundarban Police,214,795,0,1009,25,189,253,542,0,0,278,731
2022,West Bengal,North India,Sundarban Police,279,1067,0,1346,38,241,344,723,0,0,382,964
2018,West Bengal,North India,Total,16038,31299,0,47337,1706,14332,6499,24800,0,0,8205,39132
2019,West Bengal,North India,Total,16038,31299,0,47337,1706,14332,6499,24800,0,0,8205,39132
2020,West Bengal,North India,Total Districts ,11535,27434,0,38969,1008,10527,6640,20794,0,0,7648,31321
2021,West Bengal,North India,Total Districts ,13588,30611,1,44200,1518,12070,8478,22133,0,1,9996,34204
2022,West Bengal,North India,Total Districts ,18146,40725,0,58871,1884,16262,10571,30154,0,0,12455,46416
2018,West Bengal,North India,Uttar Dinajpur,216,547,0,763,26,190,43,504,0,0,69,694
2019,West Bengal,North India,Uttar Dinajpur,216,547,0,763,26,190,43,504,0,0,69,694
